$DATA1 SOURCE='HSPICE' VERSION='H-2013.03-SP1 32-BIT'
$OPTION MEASFORM=3
.TITLE '*inversor'
index,nmos@var,pmos@varp,tphl,tplh,iint,temper,alter#
1,   0.5166,  -0.4341, 7.152e-12, 6.554e-12,-2.885e-15,  25.0000,9
2,   0.5064,  -0.4523, 6.981e-12, 6.978e-12,-2.794e-15,  25.0000,9
3,   0.4909,  -0.4618, 6.726e-12, 7.193e-12,-3.060e-15,  25.0000,9
4,   0.4882,  -0.4667, 6.682e-12, 7.305e-12,-3.091e-15,  25.0000,9
5,   0.5275,  -0.4342, 7.333e-12, 6.541e-12,-2.737e-15,  25.0000,9
6,   0.5305,  -0.4537, 7.379e-12, 6.926e-12,-2.410e-15,  25.0000,9
7,   0.5191,  -0.4656, 7.189e-12, 7.166e-12,-2.440e-15,  25.0000,9
8,   0.5116,  -0.4523, 7.066e-12, 6.927e-12,-2.693e-15,  25.0000,9
9,   0.4930,  -0.4596, 6.761e-12, 7.146e-12,-3.024e-15,  25.0000,9
10,   0.5138,  -0.4571, 7.102e-12, 7.037e-12,-2.599e-15,  25.0000,9
11,   0.5031,  -0.4144, 6.935e-12, 6.287e-12,-3.610e-15,  25.0000,9
12,   0.5083,  -0.4690, 7.010e-12, 7.317e-12,-2.546e-15,  25.0000,9
13,   0.5180,  -0.4331, 7.177e-12, 6.534e-12,-2.881e-15,  25.0000,9
14,   0.5025,  -0.4388, 6.920e-12, 6.733e-12,-3.071e-15,  25.0000,9
15,   0.5321,  -0.4537, 7.407e-12, 6.924e-12,-2.391e-15,  25.0000,9
16,   0.4758,  -0.4339, 6.515e-12, 6.711e-12,-3.947e-15,  25.0000,9
17,   0.5096,  -0.4574, 7.033e-12, 7.023e-12,-2.671e-15,  25.0000,9
18,   0.5046,  -0.4541, 6.952e-12, 7.016e-12,-2.810e-15,  25.0000,9
19,   0.5225,  -0.4463, 7.248e-12, 6.781e-12,-2.607e-15,  25.0000,9
20,   0.4715,  -0.4465, 6.459e-12, 6.952e-12,-3.912e-15,  25.0000,9
21,   0.5435,  -0.4475, 7.601e-12, 6.825e-12,-2.354e-15,  25.0000,9
22,   0.5043,  -0.4661, 6.944e-12, 7.253e-12,-2.695e-15,  25.0000,9
23,   0.5032,  -0.4370, 6.931e-12, 6.699e-12,-3.087e-15,  25.0000,9
24,   0.4905,  -0.4308, 6.726e-12, 6.617e-12,-3.520e-15,  25.0000,9
25,   0.5050,  -0.4777, 6.954e-12, 7.536e-12,-2.548e-15,  25.0000,9
26,   0.5018,  -0.4382, 6.909e-12, 6.724e-12,-3.096e-15,  25.0000,9
27,   0.4942,  -0.4576, 6.781e-12, 7.105e-12,-3.014e-15,  25.0000,9
28,   0.5054,  -0.4406, 6.966e-12, 6.760e-12,-2.982e-15,  25.0000,9
29,   0.4963,  -0.4560, 6.816e-12, 7.070e-12,-2.977e-15,  25.0000,9
30,   0.5357,  -0.4482, 7.467e-12, 6.851e-12,-2.418e-15,  25.0000,9
31,   0.5364,  -0.4471, 7.480e-12, 6.829e-12,-2.425e-15,  25.0000,9
32,   0.4932,  -0.4503, 6.766e-12, 6.971e-12,-3.126e-15,  25.0000,9
33,   0.5352,  -0.4318, 7.462e-12, 6.540e-12,-2.692e-15,  25.0000,9
34,   0.4692,  -0.4308, 6.433e-12, 6.672e-12,-4.283e-15,  25.0000,9
35,   0.5275,  -0.4225, 7.336e-12, 6.314e-12,-2.959e-15,  25.0000,9
36,   0.4900,  -0.4729, 6.710e-12, 7.450e-12,-2.946e-15,  25.0000,9
37,   0.5196,  -0.4410, 7.201e-12, 6.681e-12,-2.727e-15,  25.0000,9
38,   0.5433,  -0.4507, 7.596e-12, 6.889e-12,-2.313e-15,  25.0000,9
39,   0.5208,  -0.4520, 7.220e-12, 6.890e-12,-2.557e-15,  25.0000,9
40,   0.5015,  -0.4468, 6.902e-12, 6.885e-12,-2.970e-15,  25.0000,9
41,   0.4950,  -0.4663, 6.793e-12, 7.277e-12,-2.907e-15,  25.0000,9
42,   0.5073,  -0.4680, 6.993e-12, 7.294e-12,-2.617e-15,  25.0000,9
43,   0.5021,  -0.4611, 6.909e-12, 7.155e-12,-2.788e-15,  25.0000,9
44,   0.5251,  -0.4659, 7.288e-12, 7.167e-12,-2.353e-15,  25.0000,9
45,   0.5121,  -0.4472, 7.075e-12, 6.829e-12,-2.751e-15,  25.0000,9
46,   0.5024,  -0.4258, 6.921e-12, 6.495e-12,-3.329e-15,  25.0000,9
47,   0.5191,  -0.4546, 7.191e-12, 6.940e-12,-2.551e-15,  25.0000,9
48,   0.4986,  -0.4824, 6.848e-12, 7.662e-12,-2.661e-15,  25.0000,9
49,   0.4881,  -0.4472, 6.684e-12, 6.924e-12,-3.312e-15,  25.0000,9
50,   0.5102,  -0.4477, 7.045e-12, 6.838e-12,-2.778e-15,  25.0000,9
51,   0.5174,  -0.4808, 7.159e-12, 7.595e-12,-2.342e-15,  25.0000,9
52,   0.5139,  -0.4533, 7.104e-12, 6.941e-12,-2.640e-15,  25.0000,9
53,   0.5189,  -0.4498, 7.187e-12, 6.848e-12,-2.613e-15,  25.0000,9
54,   0.5047,  -0.4691, 6.951e-12, 7.327e-12,-2.616e-15,  25.0000,9
55,   0.5067,  -0.4545, 6.985e-12, 7.019e-12,-2.763e-15,  25.0000,9
56,   0.5256,  -0.4173, 7.304e-12, 6.220e-12,-3.117e-15,  25.0000,9
57,   0.5038,  -0.4695, 6.936e-12, 7.337e-12,-2.633e-15,  25.0000,9
58,   0.4947,  -0.4900, 6.784e-12, 7.856e-12,-2.715e-15,  25.0000,9
59,   0.5097,  -0.4458, 7.037e-12, 6.802e-12,-2.814e-15,  25.0000,9
60,   0.5117,  -0.4566, 7.068e-12, 7.010e-12,-2.641e-15,  25.0000,9
61,   0.5146,  -0.4502, 7.117e-12, 6.854e-12,-2.667e-15,  25.0000,9
62,   0.5201,  -0.4547, 7.207e-12, 6.943e-12,-2.535e-15,  25.0000,9
63,   0.5188,  -0.4490, 7.187e-12, 6.833e-12,-2.624e-15,  25.0000,9
64,   0.5161,  -0.4370, 7.143e-12, 6.608e-12,-2.841e-15,  25.0000,9
65,   0.4963,  -0.4647, 6.814e-12, 7.236e-12,-2.889e-15,  25.0000,9
66,   0.5442,  -0.4338, 7.615e-12, 6.565e-12,-2.567e-15,  25.0000,9
67,   0.4957,  -0.4533, 6.805e-12, 7.020e-12,-3.026e-15,  25.0000,9
68,   0.5173,  -0.4497, 7.161e-12, 6.847e-12,-2.629e-15,  25.0000,9
69,   0.4976,  -0.4633, 6.836e-12, 7.206e-12,-2.870e-15,  25.0000,9
70,   0.5401,  -0.4655, 7.541e-12, 7.156e-12,-2.187e-15,  25.0000,9
71,   0.5064,  -0.4686, 6.978e-12, 7.312e-12,-2.629e-15,  25.0000,9
72,   0.5096,  -0.4422, 7.035e-12, 6.734e-12,-2.869e-15,  25.0000,9
73,   0.5149,  -0.4554, 7.121e-12, 6.977e-12,-2.598e-15,  25.0000,9
74,   0.4829,  -0.4282, 6.607e-12, 6.587e-12,-3.807e-15,  25.0000,9
75,   0.5107,  -0.4494, 7.052e-12, 6.872e-12,-2.746e-15,  25.0000,9
76,   0.5135,  -0.4382, 7.100e-12, 6.631e-12,-2.864e-15,  25.0000,9
77,   0.5432,  -0.4625, 7.594e-12, 7.119e-12,-2.184e-15,  25.0000,9
78,   0.5163,  -0.4709, 7.141e-12, 7.354e-12,-2.429e-15,  25.0000,9
79,   0.5153,  -0.4673, 7.126e-12, 7.271e-12,-2.474e-15,  25.0000,9
80,   0.5051,  -0.4356, 6.963e-12, 6.669e-12,-3.072e-15,  25.0000,9
81,   0.5061,  -0.4468, 6.978e-12, 6.874e-12,-2.873e-15,  25.0000,9
82,   0.5007,  -0.4759, 6.883e-12, 7.499e-12,-2.654e-15,  25.0000,9
83,   0.5300,  -0.4312, 7.375e-12, 6.476e-12,-2.737e-15,  25.0000,9
84,   0.4968,  -0.4645, 6.823e-12, 7.230e-12,-2.878e-15,  25.0000,9
85,   0.5372,  -0.4717, 7.490e-12, 7.322e-12,-2.118e-15,  25.0000,9
86,   0.5272,  -0.4492, 7.325e-12, 6.835e-12,-2.505e-15,  25.0000,9
87,   0.4794,  -0.4674, 6.555e-12, 7.342e-12,-3.373e-15,  25.0000,9
88,   0.4720,  -0.4699, 6.461e-12, 7.421e-12,-3.595e-15,  25.0000,9
89,   0.5374,  -0.4571, 7.495e-12, 7.017e-12,-2.293e-15,  25.0000,9
90,   0.4761,  -0.4382, 6.518e-12, 6.788e-12,-3.857e-15,  25.0000,9
91,   0.5185,  -0.4403, 7.183e-12, 6.668e-12,-2.756e-15,  25.0000,9
92,   0.4746,  -0.4533, 6.495e-12, 7.071e-12,-3.700e-15,  25.0000,9
93,   0.5069,  -0.4390, 6.991e-12, 6.727e-12,-2.978e-15,  25.0000,9
94,   0.4876,  -0.4673, 6.673e-12, 7.319e-12,-3.103e-15,  25.0000,9
95,   0.4790,  -0.4756, 6.550e-12, 7.540e-12,-3.278e-15,  25.0000,9
96,   0.5045,  -0.4572, 6.950e-12, 7.076e-12,-2.776e-15,  25.0000,9
97,   0.5313,  -0.4633, 7.392e-12, 7.122e-12,-2.299e-15,  25.0000,9
98,   0.5411,  -0.4455, 7.561e-12, 7.217e-12,-2.495e-15,  25.0000,9
99,   0.5137,  -0.4300, 7.106e-12, 6.481e-12,-3.013e-15,  25.0000,9
100,   0.5120,  -0.4596, 7.071e-12, 7.067e-12,-2.606e-15,  25.0000,9
101,   0.5191,  -0.4575, 7.190e-12, 6.997e-12,-2.518e-15,  25.0000,9
102,   0.5161,  -0.4278, 7.145e-12, 6.438e-12,-3.021e-15,  25.0000,9
103,   0.5305,  -0.4646, 7.378e-12, 7.147e-12,-2.298e-15,  25.0000,9
104,   0.5132,  -0.4622, 7.092e-12, 7.120e-12,-2.558e-15,  25.0000,9
105,   0.5178,  -0.4631, 7.167e-12, 7.125e-12,-2.473e-15,  25.0000,9
106,   0.5095,  -0.4472, 7.033e-12, 6.830e-12,-2.797e-15,  25.0000,9
107,   0.5095,  -0.4638, 7.030e-12, 7.160e-12,-2.608e-15,  25.0000,9
108,   0.5098,  -0.4498, 7.038e-12, 6.878e-12,-2.757e-15,  25.0000,9
109,   0.5185,  -0.4380, 7.184e-12, 6.624e-12,-2.794e-15,  25.0000,9
110,   0.4885,  -0.4440, 6.691e-12, 6.864e-12,-3.347e-15,  25.0000,9
111,   0.4897,  -0.4295, 6.715e-12, 6.595e-12,-3.567e-15,  25.0000,9
112,   0.5240,  -0.4744, 7.269e-12, 7.338e-12,-2.300e-15,  25.0000,9
113,   0.5032,  -0.4314, 6.933e-12, 6.595e-12,-3.193e-15,  25.0000,9
114,   0.5240,  -0.4188, 7.278e-12, 6.254e-12,-3.124e-15,  25.0000,9
115,   0.5084,  -0.4395, 7.015e-12, 6.733e-12,-2.940e-15,  25.0000,9
116,   0.5253,  -0.4577, 7.293e-12, 7.004e-12,-2.429e-15,  25.0000,9
117,   0.4841,  -0.4662, 6.616e-12, 7.300e-12,-3.224e-15,  25.0000,9
118,   0.4907,  -0.4424, 6.728e-12, 6.829e-12,-3.305e-15,  25.0000,9
119,   0.4908,  -0.4586, 6.725e-12, 7.133e-12,-3.096e-15,  25.0000,9
120,   0.4868,  -0.4364, 6.665e-12, 6.729e-12,-3.521e-15,  25.0000,9
121,   0.5200,  -0.4273, 7.211e-12, 6.422e-12,-2.978e-15,  25.0000,9
122,   0.5202,  -0.4530, 7.209e-12, 6.910e-12,-2.554e-15,  25.0000,9
123,   0.4833,  -0.4506, 6.608e-12, 7.000e-12,-3.418e-15,  25.0000,9
124,   0.5158,  -0.4414, 7.138e-12, 6.690e-12,-2.773e-15,  25.0000,9
125,   0.5154,  -0.4603, 7.127e-12, 7.095e-12,-2.539e-15,  25.0000,9
126,   0.5129,  -0.4598, 7.087e-12, 7.073e-12,-2.586e-15,  25.0000,9
127,   0.5242,  -0.4627, 7.273e-12, 7.103e-12,-2.393e-15,  25.0000,9
128,   0.5032,  -0.4481, 6.930e-12, 6.906e-12,-2.915e-15,  25.0000,9
129,   0.4900,  -0.4629, 6.712e-12, 7.216e-12,-3.074e-15,  25.0000,9
130,   0.5184,  -0.4632, 7.178e-12, 7.115e-12,-2.462e-15,  25.0000,9
131,   0.5025,  -0.4226, 6.923e-12, 6.437e-12,-3.402e-15,  25.0000,9
132,   0.5109,  -0.4668, 7.052e-12, 7.212e-12,-2.557e-15,  25.0000,9
133,   0.4664,  -0.4583, 6.393e-12, 7.183e-12,-3.994e-15,  25.0000,9
134,   0.4881,  -0.4741, 6.680e-12, 7.482e-12,-2.992e-15,  25.0000,9
135,   0.5091,  -0.4389, 7.029e-12, 6.719e-12,-2.936e-15,  25.0000,9
136,   0.5434,  -0.4711, 7.596e-12, 7.295e-12,-2.065e-15,  25.0000,9
137,   0.4996,  -0.4466, 6.871e-12, 6.885e-12,-3.017e-15,  25.0000,9
138,   0.5204,  -0.4862, 7.207e-12, 7.706e-12,-2.277e-15,  25.0000,9
139,   0.5252,  -0.4428, 7.294e-12, 6.712e-12,-2.621e-15,  25.0000,9
140,   0.4749,  -0.4665, 6.497e-12, 7.331e-12,-3.551e-15,  25.0000,9
141,   0.5222,  -0.4323, 7.246e-12, 6.514e-12,-2.842e-15,  25.0000,9
142,   0.5222,  -0.4484, 7.243e-12, 6.821e-12,-2.583e-15,  25.0000,9
143,   0.4936,  -0.4658, 6.769e-12, 7.270e-12,-2.949e-15,  25.0000,9
144,   0.4964,  -0.4405, 6.820e-12, 6.779e-12,-3.187e-15,  25.0000,9
145,   0.4998,  -0.4359, 6.877e-12, 6.685e-12,-3.183e-15,  25.0000,9
146,   0.5533,  -0.4501, 7.772e-12, 6.862e-12,-2.243e-15,  25.0000,9
147,   0.4997,  -0.4416, 6.873e-12, 6.791e-12,-3.090e-15,  25.0000,9
148,   0.5188,  -0.4691, 7.184e-12, 7.267e-12,-2.414e-15,  25.0000,9
149,   0.5198,  -0.4434, 7.204e-12, 6.726e-12,-2.688e-15,  25.0000,9
150,   0.4821,  -0.4486, 6.593e-12, 6.965e-12,-3.483e-15,  25.0000,9
151,   0.5285,  -0.4456, 7.347e-12, 6.763e-12,-2.539e-15,  25.0000,9
152,   0.5143,  -0.4447, 7.113e-12, 6.752e-12,-2.746e-15,  25.0000,9
153,   0.5268,  -0.4513, 7.318e-12, 6.877e-12,-2.484e-15,  25.0000,9
154,   0.5163,  -0.4534, 7.145e-12, 6.917e-12,-2.599e-15,  25.0000,9
155,   0.5184,  -0.4518, 7.179e-12, 6.887e-12,-2.586e-15,  25.0000,9
156,   0.4991,  -0.4616, 6.860e-12, 7.170e-12,-2.852e-15,  25.0000,9
157,   0.5441,  -0.4350, 7.612e-12, 6.587e-12,-2.547e-15,  25.0000,9
158,   0.5246,  -0.4284, 7.285e-12, 6.435e-12,-2.889e-15,  25.0000,9
159,   0.5038,  -0.4625, 6.937e-12, 7.177e-12,-2.738e-15,  25.0000,9
160,   0.4725,  -0.4502, 6.470e-12, 7.019e-12,-3.822e-15,  25.0000,9
161,   0.5118,  -0.4551, 7.069e-12, 6.982e-12,-2.657e-15,  25.0000,9
162,   0.5073,  -0.4375, 6.998e-12, 6.697e-12,-2.995e-15,  25.0000,9
163,   0.4849,  -0.4483, 6.632e-12, 6.953e-12,-3.395e-15,  25.0000,9
164,   0.5144,  -0.4475, 7.113e-12, 6.804e-12,-2.707e-15,  25.0000,9
165,   0.5284,  -0.4528, 7.346e-12, 6.908e-12,-2.445e-15,  25.0000,9
166,   0.4821,  -0.4402, 6.595e-12, 6.809e-12,-3.606e-15,  25.0000,9
167,   0.5090,  -0.4814, 7.020e-12, 7.619e-12,-2.446e-15,  25.0000,9
168,   0.5225,  -0.4492, 7.247e-12, 6.837e-12,-2.568e-15,  25.0000,9
169,   0.5353,  -0.4639, 7.459e-12, 7.157e-12,-2.246e-15,  25.0000,9
170,   0.5156,  -0.4568, 7.132e-12, 7.002e-12,-2.572e-15,  25.0000,9
171,   0.5303,  -0.4426, 7.378e-12, 6.702e-12,-2.529e-15,  25.0000,9
172,   0.4981,  -0.4386, 6.849e-12, 6.741e-12,-3.174e-15,  25.0000,9
173,   0.5045,  -0.4332, 6.954e-12, 6.626e-12,-3.129e-15,  25.0000,9
174,   0.5157,  -0.4534, 7.134e-12, 6.916e-12,-2.609e-15,  25.0000,9
175,   0.5072,  -0.4607, 6.993e-12, 7.136e-12,-2.686e-15,  25.0000,9
176,   0.5221,  -0.4653, 7.238e-12, 7.152e-12,-2.399e-15,  25.0000,9
177,   0.5374,  -0.4274, 7.501e-12, 6.454e-12,-2.760e-15,  25.0000,9
178,   0.5040,  -0.4291, 6.947e-12, 6.552e-12,-3.221e-15,  25.0000,9
179,   0.5037,  -0.4399, 6.939e-12, 6.751e-12,-3.028e-15,  25.0000,9
180,   0.5051,  -0.4429, 6.962e-12, 6.804e-12,-2.950e-15,  25.0000,9
181,   0.5140,  -0.4451, 7.108e-12, 6.759e-12,-2.746e-15,  25.0000,9
182,   0.5065,  -0.4542, 6.982e-12, 7.013e-12,-2.772e-15,  25.0000,9
183,   0.5194,  -0.4662, 7.193e-12, 7.177e-12,-2.431e-15,  25.0000,9
184,   0.4760,  -0.4542, 6.514e-12, 7.083e-12,-3.631e-15,  25.0000,9
185,   0.4823,  -0.4663, 6.593e-12, 7.308e-12,-3.282e-15,  25.0000,9
186,   0.5084,  -0.4881, 7.009e-12, 7.785e-12,-2.421e-15,  25.0000,9
187,   0.5069,  -0.4523, 6.990e-12, 6.977e-12,-2.785e-15,  25.0000,9
188,   0.4796,  -0.4604, 6.559e-12, 7.192e-12,-3.431e-15,  25.0000,9
189,   0.5507,  -0.4513, 7.726e-12, 6.889e-12,-2.246e-15,  25.0000,9
190,   0.5138,  -0.4388, 7.105e-12, 6.642e-12,-2.849e-15,  25.0000,9
191,   0.5165,  -0.4633, 7.146e-12, 7.153e-12,-2.491e-15,  25.0000,9
192,   0.5359,  -0.4605, 7.470e-12, 7.088e-12,-2.272e-15,  25.0000,9
193,   0.5146,  -0.4359, 7.119e-12, 6.589e-12,-2.884e-15,  25.0000,9
194,   0.5171,  -0.4399, 7.160e-12, 6.661e-12,-2.775e-15,  25.0000,9
195,   0.5261,  -0.4430, 7.308e-12, 6.713e-12,-2.607e-15,  25.0000,9
196,   0.4903,  -0.4289, 6.723e-12, 6.582e-12,-3.565e-15,  25.0000,9
197,   0.5077,  -0.4486, 7.003e-12, 6.905e-12,-2.817e-15,  25.0000,9
198,   0.4812,  -0.4332, 6.583e-12, 6.683e-12,-3.765e-15,  25.0000,9
199,   0.5101,  -0.4289, 7.047e-12, 6.486e-12,-3.100e-15,  25.0000,9
200,   0.4839,  -0.4564, 6.615e-12, 7.107e-12,-3.326e-15,  25.0000,9
201,   0.4925,  -0.4898, 6.748e-12, 7.855e-12,-2.775e-15,  25.0000,9
202,   0.5120,  -0.4563, 7.072e-12, 7.004e-12,-2.641e-15,  25.0000,9
203,   0.4932,  -0.4702, 6.763e-12, 7.378e-12,-2.878e-15,  25.0000,9
204,   0.4981,  -0.4419, 6.847e-12, 6.801e-12,-3.123e-15,  25.0000,9
205,   0.5305,  -0.4413, 7.382e-12, 6.676e-12,-2.547e-15,  25.0000,9
206,   0.5045,  -0.4509, 6.951e-12, 6.954e-12,-2.852e-15,  25.0000,9
207,   0.5147,  -0.4566, 7.117e-12, 7.010e-12,-2.589e-15,  25.0000,9
208,   0.5244,  -0.4464, 7.279e-12, 6.782e-12,-2.580e-15,  25.0000,9
209,   0.4719,  -0.4397, 6.465e-12, 6.825e-12,-4.001e-15,  25.0000,9
210,   0.4997,  -0.4430, 6.874e-12, 6.818e-12,-3.067e-15,  25.0000,9
211,   0.5172,  -0.4540, 7.158e-12, 6.927e-12,-2.579e-15,  25.0000,9
212,   0.5199,  -0.4617, 7.202e-12, 7.077e-12,-2.465e-15,  25.0000,9
213,   0.5058,  -0.4568, 6.970e-12, 7.064e-12,-2.756e-15,  25.0000,9
214,   0.5177,  -0.4606, 7.165e-12, 7.063e-12,-2.499e-15,  25.0000,9
215,   0.5063,  -0.4586, 6.979e-12, 7.098e-12,-2.725e-15,  25.0000,9
216,   0.5331,  -0.4605, 7.423e-12, 7.094e-12,-2.302e-15,  25.0000,9
217,   0.4917,  -0.4127, 6.752e-12, 6.286e-12,-3.940e-15,  25.0000,9
218,   0.4951,  -0.4426, 6.799e-12, 6.821e-12,-3.185e-15,  25.0000,9
219,   0.5175,  -0.4517, 7.164e-12, 6.885e-12,-2.602e-15,  25.0000,9
220,   0.5082,  -0.4339, 7.014e-12, 6.630e-12,-3.042e-15,  25.0000,9
221,   0.5021,  -0.4412, 6.912e-12, 6.779e-12,-3.041e-15,  25.0000,9
222,   0.4905,  -0.4379, 6.724e-12, 6.746e-12,-3.388e-15,  25.0000,9
223,   0.5290,  -0.4422, 7.356e-12, 6.696e-12,-2.582e-15,  25.0000,9
224,   0.5054,  -0.4430, 6.966e-12, 6.804e-12,-2.945e-15,  25.0000,9
225,   0.5181,  -0.4603, 7.173e-12, 7.049e-12,-2.495e-15,  25.0000,9
226,   0.5208,  -0.4331, 7.223e-12, 6.530e-12,-2.848e-15,  25.0000,9
227,   0.5074,  -0.4458, 6.998e-12, 6.852e-12,-2.863e-15,  25.0000,9
228,   0.5228,  -0.4555, 7.252e-12, 6.958e-12,-2.487e-15,  25.0000,9
229,   0.5158,  -0.4486, 7.137e-12, 6.825e-12,-2.668e-15,  25.0000,9
230,   0.4783,  -0.4465, 6.544e-12, 6.936e-12,-3.648e-15,  25.0000,9
231,   0.5097,  -0.4458, 7.036e-12, 6.802e-12,-2.815e-15,  25.0000,9
232,   0.5056,  -0.4650, 6.966e-12, 7.223e-12,-2.677e-15,  25.0000,9
233,   0.5013,  -0.4405, 6.899e-12, 6.768e-12,-3.071e-15,  25.0000,9
234,   0.5204,  -0.4382, 7.215e-12, 6.627e-12,-2.762e-15,  25.0000,9
235,   0.5160,  -0.4362, 7.141e-12, 6.594e-12,-2.857e-15,  25.0000,9
236,   0.5289,  -0.4257, 7.358e-12, 6.371e-12,-2.868e-15,  25.0000,9
237,   0.4869,  -0.4442, 6.666e-12, 6.871e-12,-3.390e-15,  25.0000,9
238,   0.4983,  -0.4526, 6.848e-12, 7.002e-12,-2.969e-15,  25.0000,9
239,   0.5410,  -0.4543, 7.556e-12, 7.364e-12,-2.379e-15,  25.0000,9
240,   0.5154,  -0.4575, 7.128e-12, 7.024e-12,-2.567e-15,  25.0000,9
241,   0.5053,  -0.4618, 6.962e-12, 7.161e-12,-2.713e-15,  25.0000,9
242,   0.4971,  -0.4325, 6.833e-12, 6.631e-12,-3.311e-15,  25.0000,9
243,   0.4995,  -0.4193, 6.875e-12, 6.385e-12,-3.553e-15,  25.0000,9
244,   0.5088,  -0.4746, 7.017e-12, 7.452e-12,-2.495e-15,  25.0000,9
245,   0.5195,  -0.4446, 7.198e-12, 6.750e-12,-2.675e-15,  25.0000,9
246,   0.5257,  -0.4566, 7.299e-12, 6.983e-12,-2.436e-15,  25.0000,9
247,   0.5140,  -0.4771, 7.103e-12, 7.529e-12,-2.421e-15,  25.0000,9
248,   0.4613,  -0.4450, 6.333e-12, 6.949e-12,-4.416e-15,  25.0000,9
249,   0.4865,  -0.4654, 6.655e-12, 7.276e-12,-3.154e-15,  25.0000,9
250,   0.4972,  -0.4834, 6.826e-12, 7.691e-12,-2.687e-15,  25.0000,9
251,   0.5301,  -0.4258, 7.377e-12, 6.370e-12,-2.852e-15,  25.0000,9
252,   0.5013,  -0.4432, 6.900e-12, 6.817e-12,-3.028e-15,  25.0000,9
253,   0.5183,  -0.4497, 7.178e-12, 6.845e-12,-2.614e-15,  25.0000,9
254,   0.4942,  -0.4522, 6.781e-12, 7.003e-12,-3.078e-15,  25.0000,9
255,   0.4990,  -0.4834, 6.855e-12, 7.687e-12,-2.645e-15,  25.0000,9
256,   0.5078,  -0.4552, 7.003e-12, 7.030e-12,-2.734e-15,  25.0000,9
257,   0.5267,  -0.4547, 7.316e-12, 6.944e-12,-2.445e-15,  25.0000,9
258,   0.4792,  -0.4407, 6.557e-12, 6.825e-12,-3.701e-15,  25.0000,9
259,   0.5017,  -0.4578, 6.904e-12, 7.092e-12,-2.831e-15,  25.0000,9
260,   0.5177,  -0.4310, 7.172e-12, 6.496e-12,-2.926e-15,  25.0000,9
261,   0.4976,  -0.4389, 6.840e-12, 6.746e-12,-3.183e-15,  25.0000,9
262,   0.4883,  -0.4231, 6.693e-12, 6.483e-12,-3.753e-15,  25.0000,9
263,   0.5247,  -0.4911, 7.279e-12, 7.776e-12,-2.193e-15,  25.0000,9
264,   0.4929,  -0.4474, 6.761e-12, 6.916e-12,-3.175e-15,  25.0000,9
265,   0.4629,  -0.4517, 6.351e-12, 7.071e-12,-4.244e-15,  25.0000,9
266,   0.5108,  -0.4365, 7.057e-12, 6.626e-12,-2.942e-15,  25.0000,9
267,   0.5011,  -0.4625, 6.892e-12, 7.185e-12,-2.797e-15,  25.0000,9
268,   0.4985,  -0.4621, 6.851e-12, 7.182e-12,-2.859e-15,  25.0000,9
269,   0.5040,  -0.4624, 6.939e-12, 7.177e-12,-2.735e-15,  25.0000,9
270,   0.5113,  -0.4728, 7.058e-12, 7.366e-12,-2.501e-15,  25.0000,9
271,   0.5303,  -0.4581, 7.376e-12, 7.014e-12,-2.363e-15,  25.0000,9
272,   0.5051,  -0.4465, 6.961e-12, 6.870e-12,-2.898e-15,  25.0000,9
273,   0.5280,  -0.4664, 7.336e-12, 7.183e-12,-2.311e-15,  25.0000,9
274,   0.4896,  -0.4503, 6.707e-12, 6.979e-12,-3.227e-15,  25.0000,9
275,   0.5217,  -0.4517, 7.234e-12, 6.886e-12,-2.547e-15,  25.0000,9
276,   0.5049,  -0.4444, 6.958e-12, 6.832e-12,-2.932e-15,  25.0000,9
277,   0.5414,  -0.4533, 7.564e-12, 7.352e-12,-2.384e-15,  25.0000,9
278,   0.5464,  -0.4348, 7.653e-12, 6.580e-12,-2.531e-15,  25.0000,9
279,   0.5046,  -0.4699, 6.949e-12, 7.345e-12,-2.613e-15,  25.0000,9
280,   0.5155,  -0.4269, 7.136e-12, 6.424e-12,-3.048e-15,  25.0000,9
281,   0.5301,  -0.4814, 7.370e-12, 7.497e-12,-2.177e-15,  25.0000,9
282,   0.5331,  -0.4613, 7.422e-12, 7.109e-12,-2.294e-15,  25.0000,9
283,   0.4850,  -0.4252, 6.639e-12, 6.527e-12,-3.807e-15,  25.0000,9
284,   0.5186,  -0.4782, 7.179e-12, 7.513e-12,-2.351e-15,  25.0000,9
285,   0.5253,  -0.4624, 7.291e-12, 7.098e-12,-2.382e-15,  25.0000,9
286,   0.5099,  -0.4483, 7.039e-12, 6.850e-12,-2.776e-15,  25.0000,9
287,   0.5017,  -0.4406, 6.906e-12, 6.768e-12,-3.061e-15,  25.0000,9
288,   0.4962,  -0.4506, 6.815e-12, 6.969e-12,-3.044e-15,  25.0000,9
289,   0.5059,  -0.4606, 6.971e-12, 7.137e-12,-2.714e-15,  25.0000,9
290,   0.5330,  -0.4394, 7.424e-12, 6.687e-12,-2.578e-15,  25.0000,9
291,   0.4846,  -0.4712, 6.623e-12, 7.421e-12,-3.121e-15,  25.0000,9
292,   0.5225,  -0.4406, 7.249e-12, 6.672e-12,-2.692e-15,  25.0000,9
293,   0.4972,  -0.4602, 6.829e-12, 7.148e-12,-2.910e-15,  25.0000,9
294,   0.5150,  -0.4271, 7.128e-12, 6.427e-12,-3.053e-15,  25.0000,9
295,   0.5329,  -0.4524, 7.421e-12, 6.935e-12,-2.394e-15,  25.0000,9
296,   0.5202,  -0.4598, 7.208e-12, 7.041e-12,-2.478e-15,  25.0000,9
297,   0.5239,  -0.4358, 7.273e-12, 6.578e-12,-2.754e-15,  25.0000,9
298,   0.5359,  -0.4197, 7.476e-12, 6.314e-12,-2.960e-15,  25.0000,9
299,   0.5017,  -0.4572, 6.902e-12, 7.081e-12,-2.839e-15,  25.0000,9
300,   0.4902,  -0.4460, 6.718e-12, 6.897e-12,-3.269e-15,  25.0000,9
301,   0.4985,  -0.4327, 6.856e-12, 6.630e-12,-3.273e-15,  25.0000,9
302,   0.5124,  -0.4273, 7.084e-12, 6.451e-12,-3.095e-15,  25.0000,9
303,   0.4930,  -0.4491, 6.763e-12, 6.947e-12,-3.148e-15,  25.0000,9
304,   0.4751,  -0.4765, 6.499e-12, 7.570e-12,-3.421e-15,  25.0000,9
305,   0.5226,  -0.4689, 7.246e-12, 7.224e-12,-2.361e-15,  25.0000,9
306,   0.5205,  -0.4717, 7.212e-12, 7.305e-12,-2.368e-15,  25.0000,9
307,   0.5247,  -0.4727, 7.281e-12, 7.305e-12,-2.302e-15,  25.0000,9
308,   0.5213,  -0.4739, 7.224e-12, 7.350e-12,-2.341e-15,  25.0000,9
309,   0.5140,  -0.4766, 7.102e-12, 7.518e-12,-2.425e-15,  25.0000,9
310,   0.5004,  -0.4532, 6.883e-12, 7.008e-12,-2.912e-15,  25.0000,9
311,   0.5088,  -0.4675, 7.019e-12, 7.279e-12,-2.591e-15,  25.0000,9
312,   0.5095,  -0.4523, 7.032e-12, 6.925e-12,-2.732e-15,  25.0000,9
313,   0.5133,  -0.4552, 7.095e-12, 6.983e-12,-2.629e-15,  25.0000,9
314,   0.4885,  -0.4751, 6.685e-12, 7.508e-12,-2.974e-15,  25.0000,9
315,   0.5082,  -0.4205, 7.018e-12, 6.385e-12,-3.335e-15,  25.0000,9
316,   0.5412,  -0.4661, 7.559e-12, 7.621e-12,-2.250e-15,  25.0000,9
317,   0.5181,  -0.4788, 7.170e-12, 7.536e-12,-2.345e-15,  25.0000,9
318,   0.5057,  -0.4532, 6.970e-12, 6.995e-12,-2.798e-15,  25.0000,9
319,   0.5085,  -0.4359, 7.019e-12, 6.666e-12,-2.999e-15,  25.0000,9
320,   0.5175,  -0.4646, 7.162e-12, 7.169e-12,-2.464e-15,  25.0000,9
321,   0.5019,  -0.4538, 6.908e-12, 7.016e-12,-2.871e-15,  25.0000,9
322,   0.5024,  -0.4433, 6.917e-12, 6.817e-12,-3.003e-15,  25.0000,9
323,   0.4760,  -0.4497, 6.514e-12, 7.002e-12,-3.688e-15,  25.0000,9
324,   0.4951,  -0.4382, 6.800e-12, 6.740e-12,-3.257e-15,  25.0000,9
325,   0.5112,  -0.4297, 7.065e-12, 6.498e-12,-3.064e-15,  25.0000,9
326,   0.5105,  -0.4716, 7.045e-12, 7.350e-12,-2.524e-15,  25.0000,9
327,   0.5156,  -0.4503, 7.133e-12, 6.858e-12,-2.648e-15,  25.0000,9
328,   0.4928,  -0.4192, 6.768e-12, 6.400e-12,-3.723e-15,  25.0000,9
329,   0.4924,  -0.4664, 6.751e-12, 7.287e-12,-2.974e-15,  25.0000,9
330,   0.5120,  -0.4267, 7.078e-12, 6.441e-12,-3.115e-15,  25.0000,9
331,   0.5314,  -0.4576, 7.394e-12, 7.005e-12,-2.355e-15,  25.0000,9
332,   0.5526,  -0.4712, 7.756e-12, 7.284e-12,-2.035e-15,  25.0000,9
333,   0.5260,  -0.4610, 7.304e-12, 7.070e-12,-2.386e-15,  25.0000,9
334,   0.5007,  -0.4799, 6.884e-12, 7.598e-12,-2.627e-15,  25.0000,9
335,   0.4920,  -0.4412, 6.748e-12, 6.804e-12,-3.289e-15,  25.0000,9
336,   0.4946,  -0.4645, 6.786e-12, 7.236e-12,-2.934e-15,  25.0000,9
337,   0.4987,  -0.4686, 6.852e-12, 7.327e-12,-2.754e-15,  25.0000,9
338,   0.5205,  -0.4638, 7.212e-12, 7.119e-12,-2.435e-15,  25.0000,9
339,   0.5040,  -0.4476, 6.943e-12, 6.893e-12,-2.906e-15,  25.0000,9
340,   0.5119,  -0.4472, 7.072e-12, 6.829e-12,-2.754e-15,  25.0000,9
341,   0.5202,  -0.4502, 7.209e-12, 6.856e-12,-2.588e-15,  25.0000,9
342,   0.4975,  -0.4722, 6.832e-12, 7.418e-12,-2.755e-15,  25.0000,9
343,   0.5327,  -0.4556, 7.416e-12, 6.962e-12,-2.363e-15,  25.0000,9
344,   0.4995,  -0.4513, 6.869e-12, 6.973e-12,-2.957e-15,  25.0000,9
345,   0.5364,  -0.4444, 7.481e-12, 6.778e-12,-2.463e-15,  25.0000,9
346,   0.4985,  -0.4320, 6.856e-12, 6.617e-12,-3.288e-15,  25.0000,9
347,   0.4950,  -0.4690, 6.791e-12, 7.344e-12,-2.843e-15,  25.0000,9
348,   0.4809,  -0.4284, 6.582e-12, 6.598e-12,-3.868e-15,  25.0000,9
349,   0.4956,  -0.4517, 6.804e-12, 6.990e-12,-3.047e-15,  25.0000,9
350,   0.5097,  -0.4495, 7.036e-12, 6.873e-12,-2.763e-15,  25.0000,9
351,   0.4873,  -0.4550, 6.669e-12, 7.072e-12,-3.238e-15,  25.0000,9
352,   0.4999,  -0.4559, 6.873e-12, 7.061e-12,-2.893e-15,  25.0000,9
353,   0.4874,  -0.4306, 6.676e-12, 6.621e-12,-3.614e-15,  25.0000,9
354,   0.5451,  -0.4786, 7.624e-12, 7.481e-12,-1.999e-15,  25.0000,9
355,   0.5150,  -0.4641, 7.120e-12, 7.197e-12,-2.509e-15,  25.0000,9
356,   0.4958,  -0.4335, 6.812e-12, 6.652e-12,-3.324e-15,  25.0000,9
357,   0.5274,  -0.4395, 7.330e-12, 6.645e-12,-2.644e-15,  25.0000,9
358,   0.5047,  -0.4564, 6.952e-12, 7.059e-12,-2.783e-15,  25.0000,9
359,   0.5147,  -0.4175, 7.126e-12, 6.253e-12,-3.294e-15,  25.0000,9
360,   0.5152,  -0.4424, 7.128e-12, 6.708e-12,-2.767e-15,  25.0000,9
361,   0.4961,  -0.4721, 6.810e-12, 7.417e-12,-2.790e-15,  25.0000,9
362,   0.5329,  -0.4613, 7.420e-12, 7.108e-12,-2.296e-15,  25.0000,9
363,   0.5135,  -0.4377, 7.100e-12, 6.623e-12,-2.872e-15,  25.0000,9
364,   0.4968,  -0.4472, 6.826e-12, 6.903e-12,-3.075e-15,  25.0000,9
365,   0.5147,  -0.4638, 7.116e-12, 7.195e-12,-2.515e-15,  25.0000,9
366,   0.4887,  -0.4388, 6.696e-12, 6.768e-12,-3.422e-15,  25.0000,9
367,   0.5054,  -0.4601, 6.964e-12, 7.128e-12,-2.728e-15,  25.0000,9
368,   0.5346,  -0.4506, 7.449e-12, 6.898e-12,-2.399e-15,  25.0000,9
369,   0.5171,  -0.4642, 7.155e-12, 7.168e-12,-2.474e-15,  25.0000,9
370,   0.5439,  -0.4596, 7.606e-12, 7.061e-12,-2.206e-15,  25.0000,9
371,   0.5170,  -0.4552, 7.155e-12, 6.951e-12,-2.568e-15,  25.0000,9
372,   0.5178,  -0.4509, 7.170e-12, 6.870e-12,-2.606e-15,  25.0000,9
373,   0.4928,  -0.4382, 6.762e-12, 6.745e-12,-3.319e-15,  25.0000,9
374,   0.5090,  -0.4430, 7.025e-12, 6.797e-12,-2.872e-15,  25.0000,9
375,   0.5035,  -0.4560, 6.933e-12, 7.054e-12,-2.812e-15,  25.0000,9
376,   0.5051,  -0.4846, 6.954e-12, 7.705e-12,-2.505e-15,  25.0000,9
377,   0.4660,  -0.4443, 6.390e-12, 6.926e-12,-4.193e-15,  25.0000,9
378,   0.5041,  -0.4729, 6.941e-12, 7.419e-12,-2.600e-15,  25.0000,9
379,   0.5086,  -0.4365, 7.021e-12, 6.676e-12,-2.987e-15,  25.0000,9
380,   0.5272,  -0.4619, 7.323e-12, 7.089e-12,-2.363e-15,  25.0000,9
381,   0.4921,  -0.4445, 6.749e-12, 6.863e-12,-3.238e-15,  25.0000,9
382,   0.5032,  -0.4495, 6.930e-12, 6.931e-12,-2.897e-15,  25.0000,9
383,   0.5020,  -0.4631, 6.907e-12, 7.192e-12,-2.771e-15,  25.0000,9
384,   0.4823,  -0.4481, 6.596e-12, 6.957e-12,-3.481e-15,  25.0000,9
385,   0.5157,  -0.4605, 7.133e-12, 7.094e-12,-2.532e-15,  25.0000,9
386,   0.5203,  -0.4209, 7.216e-12, 6.303e-12,-3.125e-15,  25.0000,9
387,   0.5136,  -0.4630, 7.097e-12, 7.186e-12,-2.542e-15,  25.0000,9
388,   0.5046,  -0.4437, 6.953e-12, 6.819e-12,-2.950e-15,  25.0000,9
389,   0.5208,  -0.4369, 7.221e-12, 6.602e-12,-2.779e-15,  25.0000,9
390,   0.5278,  -0.4225, 7.339e-12, 6.313e-12,-2.956e-15,  25.0000,9
391,   0.5298,  -0.4594, 7.367e-12, 7.041e-12,-2.356e-15,  25.0000,9
392,   0.5070,  -0.4481, 6.991e-12, 6.897e-12,-2.838e-15,  25.0000,9
393,   0.4843,  -0.4352, 6.625e-12, 6.712e-12,-3.622e-15,  25.0000,9
394,   0.5130,  -0.4247, 7.095e-12, 6.401e-12,-3.143e-15,  25.0000,9
395,   0.5010,  -0.4462, 6.894e-12, 6.876e-12,-2.990e-15,  25.0000,9
396,   0.5185,  -0.4427, 7.182e-12, 6.714e-12,-2.718e-15,  25.0000,9
397,   0.5096,  -0.4302, 7.038e-12, 6.512e-12,-3.083e-15,  25.0000,9
398,   0.5399,  -0.4485, 7.539e-12, 6.805e-12,-2.375e-15,  25.0000,9
399,   0.5212,  -0.4530, 7.226e-12, 6.910e-12,-2.539e-15,  25.0000,9
400,   0.5077,  -0.4578, 7.001e-12, 7.079e-12,-2.708e-15,  25.0000,9
401,   0.4961,  -0.4591, 6.812e-12, 7.129e-12,-2.949e-15,  25.0000,9
402,   0.5245,  -0.4776, 7.277e-12, 7.404e-12,-2.271e-15,  25.0000,9
403,   0.4996,  -0.4375, 6.874e-12, 6.715e-12,-3.159e-15,  25.0000,9
404,   0.5125,  -0.4616, 7.080e-12, 7.108e-12,-2.575e-15,  25.0000,9
405,   0.5171,  -0.4563, 7.157e-12, 6.972e-12,-2.553e-15,  25.0000,9
406,   0.5003,  -0.4375, 6.884e-12, 6.715e-12,-3.143e-15,  25.0000,9
407,   0.5329,  -0.4470, 7.421e-12, 6.833e-12,-2.464e-15,  25.0000,9
408,   0.5199,  -0.4452, 7.205e-12, 6.760e-12,-2.660e-15,  25.0000,9
409,   0.4990,  -0.4298, 6.865e-12, 6.576e-12,-3.320e-15,  25.0000,9
410,   0.4753,  -0.4753, 6.501e-12, 7.541e-12,-3.422e-15,  25.0000,9
411,   0.4863,  -0.4553, 6.653e-12, 7.081e-12,-3.264e-15,  25.0000,9
412,   0.5103,  -0.4409, 7.046e-12, 6.710e-12,-2.877e-15,  25.0000,9
413,   0.4680,  -0.4552, 6.414e-12, 7.122e-12,-3.954e-15,  25.0000,9
414,   0.5234,  -0.4507, 7.262e-12, 6.864e-12,-2.537e-15,  25.0000,9
415,   0.5187,  -0.4589, 7.183e-12, 7.023e-12,-2.510e-15,  25.0000,9
416,   0.5052,  -0.4481, 6.962e-12, 6.900e-12,-2.874e-15,  25.0000,9
417,   0.4983,  -0.4324, 6.854e-12, 6.625e-12,-3.283e-15,  25.0000,9
418,   0.5195,  -0.4524, 7.197e-12, 6.899e-12,-2.571e-15,  25.0000,9
419,   0.5067,  -0.4544, 6.986e-12, 7.016e-12,-2.764e-15,  25.0000,9
420,   0.5096,  -0.4414, 7.036e-12, 6.719e-12,-2.882e-15,  25.0000,9
421,   0.4942,  -0.4511, 6.782e-12, 6.982e-12,-3.090e-15,  25.0000,9
422,   0.5092,  -0.4711, 7.024e-12, 7.366e-12,-2.513e-15,  25.0000,9
423,   0.5064,  -0.4619, 6.980e-12, 7.160e-12,-2.690e-15,  25.0000,9
424,   0.5403,  -0.4536, 7.545e-12, 6.910e-12,-2.275e-15,  25.0000,9
425,   0.5097,  -0.4583, 7.034e-12, 7.041e-12,-2.660e-15,  25.0000,9
426,   0.4922,  -0.4614, 6.748e-12, 7.182e-12,-3.026e-15,  25.0000,9
427,   0.5077,  -0.4401, 7.005e-12, 6.745e-12,-2.943e-15,  25.0000,9
428,   0.5271,  -0.4170, 7.329e-12, 6.209e-12,-3.109e-15,  25.0000,9
429,   0.5083,  -0.4415, 7.014e-12, 6.770e-12,-2.909e-15,  25.0000,9
430,   0.5087,  -0.4433, 7.021e-12, 6.802e-12,-2.874e-15,  25.0000,9
431,   0.5295,  -0.4446, 7.365e-12, 6.744e-12,-2.539e-15,  25.0000,9
432,   0.5006,  -0.4456, 6.888e-12, 6.864e-12,-3.008e-15,  25.0000,9
433,   0.5243,  -0.4531, 7.277e-12, 6.912e-12,-2.494e-15,  25.0000,9
434,   0.5224,  -0.4689, 7.242e-12, 7.224e-12,-2.364e-15,  25.0000,9
435,   0.5159,  -0.4198, 7.145e-12, 6.292e-12,-3.213e-15,  25.0000,9
436,   0.4949,  -0.4600, 6.792e-12, 7.149e-12,-2.971e-15,  25.0000,9
437,   0.5103,  -0.4317, 7.049e-12, 6.538e-12,-3.040e-15,  25.0000,9
438,   0.5180,  -0.4470, 7.173e-12, 6.795e-12,-2.655e-15,  25.0000,9
439,   0.5134,  -0.4612, 7.095e-12, 7.143e-12,-2.563e-15,  25.0000,9
440,   0.5113,  -0.4436, 7.064e-12, 6.761e-12,-2.816e-15,  25.0000,9
441,   0.4898,  -0.4538, 6.711e-12, 7.043e-12,-3.177e-15,  25.0000,9
442,   0.5098,  -0.4773, 7.034e-12, 7.509e-12,-2.495e-15,  25.0000,9
443,   0.5121,  -0.4457, 7.076e-12, 6.799e-12,-2.772e-15,  25.0000,9
444,   0.5207,  -0.4471, 7.218e-12, 6.797e-12,-2.622e-15,  25.0000,9
445,   0.4904,  -0.4466, 6.722e-12, 6.908e-12,-3.252e-15,  25.0000,9
446,   0.5255,  -0.4712, 7.294e-12, 7.276e-12,-2.304e-15,  25.0000,9
447,   0.4957,  -0.4484, 6.806e-12, 6.929e-12,-3.087e-15,  25.0000,9
448,   0.5311,  -0.4470, 7.390e-12, 6.789e-12,-2.455e-15,  25.0000,9
449,   0.5050,  -0.4408, 6.960e-12, 6.764e-12,-2.986e-15,  25.0000,9
450,   0.5072,  -0.4635, 6.992e-12, 7.190e-12,-2.659e-15,  25.0000,9
451,   0.5167,  -0.4412, 7.153e-12, 6.685e-12,-2.761e-15,  25.0000,9
452,   0.5053,  -0.4428, 6.965e-12, 6.802e-12,-2.947e-15,  25.0000,9
453,   0.5151,  -0.4274, 7.129e-12, 6.432e-12,-3.046e-15,  25.0000,9
454,   0.4871,  -0.4637, 6.664e-12, 7.237e-12,-3.153e-15,  25.0000,9
455,   0.4992,  -0.4135, 6.872e-12, 6.281e-12,-3.725e-15,  25.0000,9
456,   0.5218,  -0.4291, 7.240e-12, 6.454e-12,-2.912e-15,  25.0000,9
457,   0.4972,  -0.4842, 6.826e-12, 7.710e-12,-2.682e-15,  25.0000,9
458,   0.5338,  -0.4221, 7.440e-12, 6.363e-12,-2.921e-15,  25.0000,9
459,   0.5166,  -0.4515, 7.149e-12, 6.880e-12,-2.619e-15,  25.0000,9
460,   0.5035,  -0.4177, 6.942e-12, 6.344e-12,-3.508e-15,  25.0000,9
461,   0.4869,  -0.4289, 6.669e-12, 6.591e-12,-3.665e-15,  25.0000,9
462,   0.4948,  -0.4692, 6.789e-12, 7.349e-12,-2.844e-15,  25.0000,9
463,   0.4973,  -0.4567, 6.831e-12, 7.081e-12,-2.946e-15,  25.0000,9
464,   0.5086,  -0.4560, 7.016e-12, 7.044e-12,-2.709e-15,  25.0000,9
465,   0.4886,  -0.4549, 6.691e-12, 7.068e-12,-3.199e-15,  25.0000,9
466,   0.5213,  -0.4394, 7.229e-12, 6.649e-12,-2.729e-15,  25.0000,9
467,   0.5106,  -0.4654, 7.047e-12, 7.182e-12,-2.574e-15,  25.0000,9
468,   0.5207,  -0.4542, 7.217e-12, 6.934e-12,-2.532e-15,  25.0000,9
469,   0.5104,  -0.4481, 7.048e-12, 6.846e-12,-2.769e-15,  25.0000,9
470,   0.4985,  -0.4553, 6.851e-12, 7.052e-12,-2.932e-15,  25.0000,9
471,   0.5238,  -0.4381, 7.271e-12, 6.622e-12,-2.715e-15,  25.0000,9
472,   0.5385,  -0.4428, 7.517e-12, 6.676e-12,-2.461e-15,  25.0000,9
473,   0.4978,  -0.4376, 6.844e-12, 6.722e-12,-3.200e-15,  25.0000,9
474,   0.4978,  -0.4819, 6.835e-12, 7.652e-12,-2.683e-15,  25.0000,9
475,   0.5360,  -0.4581, 7.471e-12, 7.042e-12,-2.296e-15,  25.0000,9
476,   0.5254,  -0.4392, 7.297e-12, 6.641e-12,-2.676e-15,  25.0000,9
477,   0.5388,  -0.4363, 7.523e-12, 6.558e-12,-2.564e-15,  25.0000,9
478,   0.5141,  -0.4249, 7.114e-12, 6.388e-12,-3.117e-15,  25.0000,9
479,   0.5101,  -0.4315, 7.046e-12, 6.533e-12,-3.049e-15,  25.0000,9
480,   0.4899,  -0.4656, 6.710e-12, 7.274e-12,-3.051e-15,  25.0000,9
481,   0.5051,  -0.4762, 6.956e-12, 7.498e-12,-2.556e-15,  25.0000,9
482,   0.5053,  -0.4394, 6.966e-12, 6.739e-12,-3.001e-15,  25.0000,9
483,   0.4997,  -0.4428, 6.874e-12, 6.815e-12,-3.070e-15,  25.0000,9
484,   0.5254,  -0.4475, 7.295e-12, 6.802e-12,-2.552e-15,  25.0000,9
485,   0.5274,  -0.4451, 7.329e-12, 6.755e-12,-2.558e-15,  25.0000,9
486,   0.5146,  -0.4423, 7.117e-12, 6.707e-12,-2.779e-15,  25.0000,9
487,   0.5104,  -0.4282, 7.052e-12, 6.473e-12,-3.110e-15,  25.0000,9
488,   0.4945,  -0.4764, 6.783e-12, 7.526e-12,-2.798e-15,  25.0000,9
489,   0.5236,  -0.4395, 7.268e-12, 6.650e-12,-2.694e-15,  25.0000,9
490,   0.4903,  -0.4688, 6.715e-12, 7.350e-12,-2.971e-15,  25.0000,9
491,   0.4956,  -0.4250, 6.811e-12, 6.498e-12,-3.506e-15,  25.0000,9
492,   0.5070,  -0.4706, 6.989e-12, 7.358e-12,-2.558e-15,  25.0000,9
493,   0.5001,  -0.4675, 6.875e-12, 7.296e-12,-2.775e-15,  25.0000,9
494,   0.4953,  -0.4657, 6.798e-12, 7.263e-12,-2.905e-15,  25.0000,9
495,   0.5196,  -0.4257, 7.204e-12, 6.394e-12,-3.020e-15,  25.0000,9
496,   0.4780,  -0.4716, 6.537e-12, 7.445e-12,-3.347e-15,  25.0000,9
497,   0.4721,  -0.4557, 6.464e-12, 7.121e-12,-3.773e-15,  25.0000,9
498,   0.5482,  -0.4457, 7.682e-12, 6.784e-12,-2.341e-15,  25.0000,9
499,   0.5457,  -0.4467, 7.638e-12, 6.808e-12,-2.346e-15,  25.0000,9
500,   0.4961,  -0.4506, 6.814e-12, 6.969e-12,-3.047e-15,  25.0000,9
501,   0.5457,  -0.4293, 7.641e-12, 6.478e-12,-2.644e-15,  25.0000,9
502,   0.4673,  -0.4458, 6.406e-12, 6.949e-12,-4.109e-15,  25.0000,9
503,   0.4807,  -0.4420, 6.576e-12, 6.846e-12,-3.626e-15,  25.0000,9
504,   0.5205,  -0.4292, 7.218e-12, 6.456e-12,-2.931e-15,  25.0000,9
505,   0.4975,  -0.4625, 6.835e-12, 7.192e-12,-2.879e-15,  25.0000,9
506,   0.5090,  -0.4509, 7.024e-12, 6.945e-12,-2.762e-15,  25.0000,9
507,   0.5170,  -0.4573, 7.154e-12, 6.992e-12,-2.544e-15,  25.0000,9
508,   0.4858,  -0.4622, 6.644e-12, 7.212e-12,-3.206e-15,  25.0000,9
509,   0.5081,  -0.4487, 7.009e-12, 6.906e-12,-2.809e-15,  25.0000,9
510,   0.4985,  -0.4556, 6.851e-12, 7.058e-12,-2.928e-15,  25.0000,9
511,   0.5148,  -0.4457, 7.121e-12, 6.771e-12,-2.723e-15,  25.0000,9
512,   0.5286,  -0.4218, 7.353e-12, 6.296e-12,-2.965e-15,  25.0000,9
513,   0.4942,  -0.4404, 6.784e-12, 6.784e-12,-3.244e-15,  25.0000,9
514,   0.5192,  -0.4058, 7.202e-12, 6.028e-12,-3.597e-15,  25.0000,9
515,   0.5044,  -0.4595, 6.947e-12, 7.118e-12,-2.755e-15,  25.0000,9
516,   0.5113,  -0.4519, 7.061e-12, 6.919e-12,-2.705e-15,  25.0000,9
517,   0.5079,  -0.4269, 7.011e-12, 6.502e-12,-3.189e-15,  25.0000,9
518,   0.5267,  -0.4395, 7.319e-12, 6.646e-12,-2.654e-15,  25.0000,9
519,   0.5029,  -0.4762, 6.920e-12, 7.503e-12,-2.603e-15,  25.0000,9
520,   0.4949,  -0.4170, 6.801e-12, 6.356e-12,-3.728e-15,  25.0000,9
521,   0.5034,  -0.4172, 6.940e-12, 6.337e-12,-3.522e-15,  25.0000,9
522,   0.5282,  -0.4463, 7.343e-12, 6.778e-12,-2.532e-15,  25.0000,9
523,   0.5309,  -0.4429, 7.389e-12, 6.707e-12,-2.517e-15,  25.0000,9
524,   0.5317,  -0.4481, 7.400e-12, 6.811e-12,-2.434e-15,  25.0000,9
525,   0.4846,  -0.4340, 6.630e-12, 6.690e-12,-3.635e-15,  25.0000,9
526,   0.5051,  -0.4489, 6.961e-12, 6.916e-12,-2.865e-15,  25.0000,9
527,   0.5241,  -0.4539, 7.274e-12, 6.927e-12,-2.487e-15,  25.0000,9
528,   0.5199,  -0.4646, 7.202e-12, 7.135e-12,-2.436e-15,  25.0000,9
529,   0.4884,  -0.4703, 6.685e-12, 7.390e-12,-3.013e-15,  25.0000,9
530,   0.5295,  -0.4326, 7.367e-12, 6.504e-12,-2.714e-15,  25.0000,9
531,   0.5035,  -0.4518, 6.934e-12, 6.974e-12,-2.862e-15,  25.0000,9
532,   0.4858,  -0.4496, 6.646e-12, 6.976e-12,-3.349e-15,  25.0000,9
533,   0.5068,  -0.4191, 6.995e-12, 6.361e-12,-3.402e-15,  25.0000,9
534,   0.5009,  -0.4355, 6.894e-12, 6.676e-12,-3.166e-15,  25.0000,9
535,   0.5019,  -0.4621, 6.905e-12, 7.175e-12,-2.783e-15,  25.0000,9
536,   0.5385,  -0.4254, 7.519e-12, 6.367e-12,-2.789e-15,  25.0000,9
537,   0.5238,  -0.4530, 7.268e-12, 6.910e-12,-2.502e-15,  25.0000,9
538,   0.5091,  -0.4530, 7.025e-12, 6.985e-12,-2.734e-15,  25.0000,9
539,   0.5109,  -0.4630, 7.053e-12, 7.134e-12,-2.591e-15,  25.0000,9
540,   0.4983,  -0.4529, 6.848e-12, 7.006e-12,-2.967e-15,  25.0000,9
541,   0.5047,  -0.4574, 6.953e-12, 7.078e-12,-2.771e-15,  25.0000,9
542,   0.4802,  -0.4383, 6.570e-12, 6.779e-12,-3.704e-15,  25.0000,9
543,   0.5292,  -0.4670, 7.357e-12, 7.196e-12,-2.291e-15,  25.0000,9
544,   0.4728,  -0.4583, 6.473e-12, 7.169e-12,-3.712e-15,  25.0000,9
545,   0.5192,  -0.4652, 7.190e-12, 7.152e-12,-2.442e-15,  25.0000,9
546,   0.4882,  -0.4372, 6.688e-12, 6.739e-12,-3.466e-15,  25.0000,9
547,   0.5324,  -0.4468, 7.412e-12, 6.783e-12,-2.446e-15,  25.0000,9
548,   0.5016,  -0.4538, 6.902e-12, 7.016e-12,-2.878e-15,  25.0000,9
549,   0.5269,  -0.4335, 7.323e-12, 6.528e-12,-2.758e-15,  25.0000,9
550,   0.5224,  -0.4489, 7.245e-12, 6.831e-12,-2.574e-15,  25.0000,9
551,   0.5189,  -0.4295, 7.192e-12, 6.465e-12,-2.948e-15,  25.0000,9
552,   0.4901,  -0.4587, 6.713e-12, 7.135e-12,-3.115e-15,  25.0000,9
553,   0.4919,  -0.4594, 6.743e-12, 7.144e-12,-3.056e-15,  25.0000,9
554,   0.5153,  -0.4523, 7.128e-12, 6.894e-12,-2.629e-15,  25.0000,9
555,   0.4927,  -0.4618, 6.756e-12, 7.189e-12,-3.009e-15,  25.0000,9
556,   0.5106,  -0.4190, 7.057e-12, 6.301e-12,-3.328e-15,  25.0000,9
557,   0.5057,  -0.4429, 6.972e-12, 6.803e-12,-2.938e-15,  25.0000,9
558,   0.5046,  -0.4447, 6.953e-12, 6.839e-12,-2.933e-15,  25.0000,9
559,   0.5058,  -0.4656, 6.969e-12, 7.238e-12,-2.667e-15,  25.0000,9
560,   0.5024,  -0.4330, 6.919e-12, 6.626e-12,-3.180e-15,  25.0000,9
561,   0.5057,  -0.4521, 6.969e-12, 6.975e-12,-2.813e-15,  25.0000,9
562,   0.4917,  -0.4362, 6.745e-12, 6.712e-12,-3.383e-15,  25.0000,9
563,   0.4833,  -0.4462, 6.609e-12, 6.919e-12,-3.476e-15,  25.0000,9
564,   0.5079,  -0.4238, 7.011e-12, 6.445e-12,-3.262e-15,  25.0000,9
565,   0.4995,  -0.4364, 6.871e-12, 6.696e-12,-3.181e-15,  25.0000,9
566,   0.5028,  -0.4515, 6.922e-12, 6.970e-12,-2.880e-15,  25.0000,9
567,   0.4993,  -0.4362, 6.869e-12, 6.693e-12,-3.188e-15,  25.0000,9
568,   0.4959,  -0.4557, 6.809e-12, 7.065e-12,-2.992e-15,  25.0000,9
569,   0.4902,  -0.4583, 6.715e-12, 7.128e-12,-3.116e-15,  25.0000,9
570,   0.5003,  -0.4568, 6.880e-12, 7.076e-12,-2.874e-15,  25.0000,9
571,   0.5156,  -0.4464, 7.133e-12, 6.784e-12,-2.702e-15,  25.0000,9
572,   0.4913,  -0.4657, 6.732e-12, 7.273e-12,-3.012e-15,  25.0000,9
573,   0.5088,  -0.4297, 7.025e-12, 6.551e-12,-3.113e-15,  25.0000,9
574,   0.5388,  -0.4182, 7.526e-12, 6.223e-12,-2.970e-15,  25.0000,9
575,   0.5307,  -0.4567, 7.383e-12, 6.986e-12,-2.374e-15,  25.0000,9
576,   0.5106,  -0.4334, 7.053e-12, 6.569e-12,-3.003e-15,  25.0000,9
577,   0.5059,  -0.4359, 6.977e-12, 6.671e-12,-3.050e-15,  25.0000,9
578,   0.4869,  -0.4277, 6.670e-12, 6.569e-12,-3.690e-15,  25.0000,9
579,   0.5265,  -0.4616, 7.312e-12, 7.082e-12,-2.374e-15,  25.0000,9
580,   0.5025,  -0.4511, 6.918e-12, 6.964e-12,-2.891e-15,  25.0000,9
581,   0.4931,  -0.4794, 6.759e-12, 7.601e-12,-2.817e-15,  25.0000,9
582,   0.5145,  -0.4447, 7.116e-12, 6.751e-12,-2.744e-15,  25.0000,9
583,   0.5142,  -0.4679, 7.107e-12, 7.301e-12,-2.488e-15,  25.0000,9
584,   0.5105,  -0.4152, 7.056e-12, 6.233e-12,-3.433e-15,  25.0000,9
585,   0.5224,  -0.4722, 7.243e-12, 7.291e-12,-2.337e-15,  25.0000,9
586,   0.5364,  -0.4668, 7.478e-12, 7.213e-12,-2.208e-15,  25.0000,9
587,   0.5222,  -0.4319, 7.245e-12, 6.507e-12,-2.850e-15,  25.0000,9
588,   0.5098,  -0.4517, 7.037e-12, 6.914e-12,-2.734e-15,  25.0000,9
589,   0.5167,  -0.4717, 7.148e-12, 7.369e-12,-2.416e-15,  25.0000,9
590,   0.5141,  -0.4444, 7.109e-12, 6.747e-12,-2.755e-15,  25.0000,9
591,   0.5114,  -0.4215, 7.070e-12, 6.346e-12,-3.247e-15,  25.0000,9
592,   0.4899,  -0.4494, 6.713e-12, 6.960e-12,-3.230e-15,  25.0000,9
593,   0.5078,  -0.4662, 7.002e-12, 7.249e-12,-2.622e-15,  25.0000,9
594,   0.5047,  -0.4806, 6.948e-12, 7.609e-12,-2.536e-15,  25.0000,9
595,   0.5314,  -0.4603, 7.394e-12, 7.060e-12,-2.327e-15,  25.0000,9
596,   0.5090,  -0.4371, 7.026e-12, 6.686e-12,-2.969e-15,  25.0000,9
597,   0.5209,  -0.4480, 7.222e-12, 6.813e-12,-2.606e-15,  25.0000,9
598,   0.4802,  -0.4322, 6.571e-12, 6.667e-12,-3.819e-15,  25.0000,9
599,   0.5141,  -0.4483, 7.109e-12, 6.819e-12,-2.699e-15,  25.0000,9
600,   0.4870,  -0.4481, 6.667e-12, 6.944e-12,-3.331e-15,  25.0000,9
601,   0.5311,  -0.4493, 7.391e-12, 6.837e-12,-2.456e-15,  25.0000,9
602,   0.5408,  -0.4420, 7.555e-12, 6.671e-12,-2.436e-15,  25.0000,9
603,   0.5226,  -0.4495, 7.250e-12, 6.842e-12,-2.562e-15,  25.0000,9
604,   0.5030,  -0.4227, 6.933e-12, 6.436e-12,-3.388e-15,  25.0000,9
605,   0.5019,  -0.4665, 6.905e-12, 7.267e-12,-2.742e-15,  25.0000,9
606,   0.4960,  -0.4784, 6.807e-12, 7.571e-12,-2.748e-15,  25.0000,9
607,   0.4948,  -0.4593, 6.790e-12, 7.135e-12,-2.980e-15,  25.0000,9
608,   0.4938,  -0.4796, 6.770e-12, 7.605e-12,-2.797e-15,  25.0000,9
609,   0.5122,  -0.4541, 7.077e-12, 6.962e-12,-2.661e-15,  25.0000,9
610,   0.5001,  -0.4343, 6.882e-12, 6.655e-12,-3.206e-15,  25.0000,9
611,   0.5232,  -0.4586, 7.257e-12, 7.020e-12,-2.448e-15,  25.0000,9
612,   0.5268,  -0.4478, 7.319e-12, 6.808e-12,-2.529e-15,  25.0000,9
613,   0.4939,  -0.4505, 6.778e-12, 6.971e-12,-3.106e-15,  25.0000,9
614,   0.4724,  -0.4588, 6.467e-12, 7.178e-12,-3.725e-15,  25.0000,9
615,   0.5230,  -0.4672, 7.253e-12, 7.191e-12,-2.370e-15,  25.0000,9
616,   0.4835,  -0.4367, 6.612e-12, 6.741e-12,-3.622e-15,  25.0000,9
617,   0.5176,  -0.4485, 7.167e-12, 6.823e-12,-2.641e-15,  25.0000,9
618,   0.5077,  -0.4433, 7.004e-12, 6.805e-12,-2.892e-15,  25.0000,9
619,   0.5124,  -0.4359, 7.082e-12, 6.613e-12,-2.924e-15,  25.0000,9
620,   0.5151,  -0.4513, 7.125e-12, 6.877e-12,-2.644e-15,  25.0000,9
621,   0.5234,  -0.4571, 7.261e-12, 6.989e-12,-2.462e-15,  25.0000,9
622,   0.4972,  -0.4386, 6.833e-12, 6.742e-12,-3.199e-15,  25.0000,9
623,   0.4866,  -0.4340, 6.663e-12, 6.685e-12,-3.571e-15,  25.0000,9
624,   0.4805,  -0.4715, 6.569e-12, 7.438e-12,-3.258e-15,  25.0000,9
625,   0.5512,  -0.4355, 7.736e-12, 6.586e-12,-2.482e-15,  25.0000,9
626,   0.5244,  -0.4405, 7.280e-12, 6.668e-12,-2.669e-15,  25.0000,9
627,   0.5180,  -0.4754, 7.169e-12, 7.448e-12,-2.370e-15,  25.0000,9
628,   0.5485,  -0.4490, 7.687e-12, 6.848e-12,-2.292e-15,  25.0000,9
629,   0.4810,  -0.4450, 6.579e-12, 6.903e-12,-3.570e-15,  25.0000,9
630,   0.5048,  -0.4480, 6.955e-12, 6.900e-12,-2.884e-15,  25.0000,9
631,   0.5640,  -0.4503, 7.963e-12, 7.353e-12,-2.267e-15,  25.0000,9
632,   0.5160,  -0.4217, 7.146e-12, 6.327e-12,-3.162e-15,  25.0000,9
633,   0.5034,  -0.4727, 6.929e-12, 7.416e-12,-2.617e-15,  25.0000,9
634,   0.4959,  -0.4605, 6.808e-12, 7.156e-12,-2.940e-15,  25.0000,9
635,   0.5188,  -0.4372, 7.189e-12, 6.610e-12,-2.802e-15,  25.0000,9
636,   0.5044,  -0.4407, 6.951e-12, 6.765e-12,-2.999e-15,  25.0000,9
637,   0.5300,  -0.4610, 7.371e-12, 7.075e-12,-2.336e-15,  25.0000,9
638,   0.5173,  -0.4343, 7.164e-12, 6.558e-12,-2.870e-15,  25.0000,9
639,   0.5266,  -0.4555, 7.314e-12, 6.960e-12,-2.437e-15,  25.0000,9
640,   0.5088,  -0.4496, 7.020e-12, 6.921e-12,-2.783e-15,  25.0000,9
641,   0.4831,  -0.4322, 6.609e-12, 6.659e-12,-3.717e-15,  25.0000,9
642,   0.5322,  -0.4578, 7.407e-12, 7.008e-12,-2.345e-15,  25.0000,9
643,   0.5036,  -0.4562, 6.934e-12, 7.057e-12,-2.809e-15,  25.0000,9
644,   0.5135,  -0.4344, 7.100e-12, 6.563e-12,-2.931e-15,  25.0000,9
645,   0.5298,  -0.4470, 7.369e-12, 6.792e-12,-2.502e-15,  25.0000,9
646,   0.5223,  -0.4629, 7.242e-12, 7.103e-12,-2.418e-15,  25.0000,9
647,   0.5141,  -0.4289, 7.113e-12, 6.462e-12,-3.028e-15,  25.0000,9
648,   0.5029,  -0.4249, 6.929e-12, 6.477e-12,-3.339e-15,  25.0000,9
649,   0.5014,  -0.4476, 6.901e-12, 6.900e-12,-2.961e-15,  25.0000,9
650,   0.4943,  -0.4663, 6.781e-12, 7.281e-12,-2.926e-15,  25.0000,9
651,   0.5092,  -0.4338, 7.031e-12, 6.579e-12,-3.019e-15,  25.0000,9
652,   0.4899,  -0.4381, 6.715e-12, 6.752e-12,-3.400e-15,  25.0000,9
653,   0.5038,  -0.4494, 6.938e-12, 6.929e-12,-2.887e-15,  25.0000,9
654,   0.4970,  -0.4505, 6.828e-12, 6.965e-12,-3.026e-15,  25.0000,9
655,   0.4877,  -0.4620, 6.674e-12, 7.203e-12,-3.151e-15,  25.0000,9
656,   0.5070,  -0.4593, 6.990e-12, 7.110e-12,-2.704e-15,  25.0000,9
657,   0.5003,  -0.4731, 6.877e-12, 7.432e-12,-2.683e-15,  25.0000,9
658,   0.5222,  -0.4710, 7.240e-12, 7.265e-12,-2.349e-15,  25.0000,9
659,   0.5043,  -0.4712, 6.944e-12, 7.379e-12,-2.608e-15,  25.0000,9
660,   0.4993,  -0.4434, 6.867e-12, 6.826e-12,-3.070e-15,  25.0000,9
661,   0.5071,  -0.4362, 6.995e-12, 6.674e-12,-3.022e-15,  25.0000,9
662,   0.5117,  -0.4364, 7.070e-12, 6.623e-12,-2.929e-15,  25.0000,9
663,   0.5433,  -0.4562, 7.596e-12, 6.993e-12,-2.249e-15,  25.0000,9
664,   0.5240,  -0.4731, 7.269e-12, 7.311e-12,-2.310e-15,  25.0000,9
665,   0.4957,  -0.4344, 6.810e-12, 6.669e-12,-3.310e-15,  25.0000,9
666,   0.4797,  -0.4439, 6.563e-12, 6.884e-12,-3.632e-15,  25.0000,9
667,   0.5299,  -0.4539, 7.369e-12, 6.931e-12,-2.414e-15,  25.0000,9
668,   0.5316,  -0.4586, 7.397e-12, 7.024e-12,-2.343e-15,  25.0000,9
669,   0.4888,  -0.4315, 6.699e-12, 6.634e-12,-3.554e-15,  25.0000,9
670,   0.5122,  -0.4554, 7.076e-12, 6.986e-12,-2.647e-15,  25.0000,9
671,   0.5332,  -0.4439, 7.427e-12, 6.772e-12,-2.505e-15,  25.0000,9
672,   0.5113,  -0.4585, 7.060e-12, 7.045e-12,-2.629e-15,  25.0000,9
673,   0.5110,  -0.4248, 7.062e-12, 6.407e-12,-3.176e-15,  25.0000,9
674,   0.5197,  -0.4325, 7.204e-12, 6.521e-12,-2.875e-15,  25.0000,9
675,   0.5079,  -0.4454, 7.007e-12, 6.844e-12,-2.859e-15,  25.0000,9
676,   0.4967,  -0.4538, 6.823e-12, 7.028e-12,-2.992e-15,  25.0000,9
677,   0.5210,  -0.4319, 7.226e-12, 6.507e-12,-2.868e-15,  25.0000,9
678,   0.5143,  -0.4446, 7.112e-12, 6.750e-12,-2.749e-15,  25.0000,9
679,   0.5197,  -0.4477, 7.202e-12, 6.808e-12,-2.628e-15,  25.0000,9
680,   0.5024,  -0.4489, 6.916e-12, 6.921e-12,-2.923e-15,  25.0000,9
681,   0.4845,  -0.4413, 6.626e-12, 6.824e-12,-3.513e-15,  25.0000,9
682,   0.5210,  -0.4564, 7.222e-12, 6.976e-12,-2.502e-15,  25.0000,9
683,   0.5083,  -0.4442, 7.013e-12, 6.821e-12,-2.868e-15,  25.0000,9
684,   0.4972,  -0.4561, 6.830e-12, 7.069e-12,-2.955e-15,  25.0000,9
685,   0.5189,  -0.4621, 7.186e-12, 7.084e-12,-2.475e-15,  25.0000,9
686,   0.4917,  -0.4222, 6.748e-12, 6.458e-12,-3.678e-15,  25.0000,9
687,   0.5077,  -0.4587, 7.002e-12, 7.096e-12,-2.697e-15,  25.0000,9
688,   0.5129,  -0.4242, 7.094e-12, 6.392e-12,-3.155e-15,  25.0000,9
689,   0.5265,  -0.4665, 7.311e-12, 7.183e-12,-2.329e-15,  25.0000,9
690,   0.4657,  -0.4514, 6.385e-12, 7.057e-12,-4.110e-15,  25.0000,9
691,   0.5269,  -0.4503, 7.321e-12, 6.858e-12,-2.495e-15,  25.0000,9
692,   0.4930,  -0.4487, 6.764e-12, 6.940e-12,-3.152e-15,  25.0000,9
693,   0.5203,  -0.4868, 7.206e-12, 7.723e-12,-2.275e-15,  25.0000,9
694,   0.5292,  -0.4280, 7.363e-12, 6.416e-12,-2.813e-15,  25.0000,9
695,   0.5264,  -0.4461, 7.313e-12, 6.774e-12,-2.557e-15,  25.0000,9
696,   0.5005,  -0.4284, 6.890e-12, 6.547e-12,-3.314e-15,  25.0000,9
697,   0.5020,  -0.4467, 6.910e-12, 6.881e-12,-2.961e-15,  25.0000,9
698,   0.4935,  -0.4469, 6.771e-12, 6.906e-12,-3.165e-15,  25.0000,9
699,   0.5007,  -0.4575, 6.887e-12, 7.088e-12,-2.857e-15,  25.0000,9
700,   0.5281,  -0.4640, 7.339e-12, 7.134e-12,-2.331e-15,  25.0000,9
701,   0.5269,  -0.4409, 7.322e-12, 6.672e-12,-2.628e-15,  25.0000,9
702,   0.5032,  -0.4798, 6.925e-12, 7.590e-12,-2.572e-15,  25.0000,9
703,   0.4974,  -0.4449, 6.835e-12, 6.860e-12,-3.094e-15,  25.0000,9
704,   0.5017,  -0.4841, 6.899e-12, 7.700e-12,-2.579e-15,  25.0000,9
705,   0.5030,  -0.4655, 6.923e-12, 7.242e-12,-2.727e-15,  25.0000,9
706,   0.5144,  -0.4716, 7.110e-12, 7.391e-12,-2.454e-15,  25.0000,9
707,   0.5170,  -0.4304, 7.160e-12, 6.485e-12,-2.951e-15,  25.0000,9
708,   0.5009,  -0.4625, 6.889e-12, 7.185e-12,-2.802e-15,  25.0000,9
709,   0.5192,  -0.4494, 7.193e-12, 6.841e-12,-2.613e-15,  25.0000,9
710,   0.5010,  -0.4625, 6.890e-12, 7.184e-12,-2.800e-15,  25.0000,9
711,   0.4788,  -0.4288, 6.554e-12, 6.610e-12,-3.938e-15,  25.0000,9
712,   0.5077,  -0.4452, 7.003e-12, 6.841e-12,-2.865e-15,  25.0000,9
713,   0.4918,  -0.4519, 6.742e-12, 7.004e-12,-3.145e-15,  25.0000,9
714,   0.4931,  -0.4413, 6.767e-12, 6.803e-12,-3.257e-15,  25.0000,9
715,   0.5138,  -0.4499, 7.103e-12, 6.858e-12,-2.685e-15,  25.0000,9
716,   0.4974,  -0.4493, 6.834e-12, 6.941e-12,-3.034e-15,  25.0000,9
717,   0.5093,  -0.4352, 7.031e-12, 6.605e-12,-2.993e-15,  25.0000,9
718,   0.4950,  -0.4719, 6.791e-12, 7.415e-12,-2.819e-15,  25.0000,9
719,   0.5138,  -0.4293, 7.108e-12, 6.469e-12,-3.026e-15,  25.0000,9
720,   0.5134,  -0.4399, 7.098e-12, 6.663e-12,-2.837e-15,  25.0000,9
721,   0.4869,  -0.4409, 6.665e-12, 6.810e-12,-3.444e-15,  25.0000,9
722,   0.5252,  -0.4564, 7.291e-12, 6.977e-12,-2.445e-15,  25.0000,9
723,   0.4924,  -0.4452, 6.754e-12, 6.876e-12,-3.219e-15,  25.0000,9
724,   0.5352,  -0.4635, 7.457e-12, 7.149e-12,-2.251e-15,  25.0000,9
725,   0.5040,  -0.4699, 6.938e-12, 7.348e-12,-2.626e-15,  25.0000,9
726,   0.5187,  -0.4412, 7.186e-12, 6.685e-12,-2.738e-15,  25.0000,9
727,   0.4992,  -0.4444, 6.864e-12, 6.845e-12,-3.059e-15,  25.0000,9
728,   0.4932,  -0.4523, 6.765e-12, 7.007e-12,-3.103e-15,  25.0000,9
729,   0.5278,  -0.4515, 7.335e-12, 6.882e-12,-2.468e-15,  25.0000,9
730,   0.4902,  -0.4437, 6.718e-12, 6.854e-12,-3.303e-15,  25.0000,9
731,   0.5532,  -0.4540, 7.769e-12, 6.939e-12,-2.196e-15,  25.0000,9
732,   0.5291,  -0.4233, 7.362e-12, 6.324e-12,-2.921e-15,  25.0000,9
733,   0.5215,  -0.4737, 7.227e-12, 7.341e-12,-2.339e-15,  25.0000,9
734,   0.4910,  -0.4568, 6.730e-12, 7.097e-12,-3.108e-15,  25.0000,9
735,   0.5057,  -0.4407, 6.972e-12, 6.761e-12,-2.973e-15,  25.0000,9
736,   0.5390,  -0.4308, 7.526e-12, 6.455e-12,-2.676e-15,  25.0000,9
737,   0.5361,  -0.4347, 7.476e-12, 6.594e-12,-2.627e-15,  25.0000,9
738,   0.5001,  -0.4638, 6.876e-12, 7.211e-12,-2.806e-15,  25.0000,9
739,   0.4973,  -0.4489, 6.833e-12, 6.934e-12,-3.039e-15,  25.0000,9
740,   0.5256,  -0.4279, 7.302e-12, 6.423e-12,-2.887e-15,  25.0000,9
741,   0.4848,  -0.4672, 6.628e-12, 7.322e-12,-3.191e-15,  25.0000,9
742,   0.5061,  -0.4325, 6.981e-12, 6.608e-12,-3.110e-15,  25.0000,9
743,   0.5198,  -0.4837, 7.198e-12, 7.646e-12,-2.300e-15,  25.0000,9
744,   0.5071,  -0.4563, 6.992e-12, 7.051e-12,-2.735e-15,  25.0000,9
745,   0.5245,  -0.4433, 7.281e-12, 6.722e-12,-2.623e-15,  25.0000,9
746,   0.5152,  -0.4215, 7.132e-12, 6.325e-12,-3.181e-15,  25.0000,9
747,   0.5040,  -0.4672, 6.938e-12, 7.282e-12,-2.691e-15,  25.0000,9
748,   0.5184,  -0.4627, 7.177e-12, 7.103e-12,-2.468e-15,  25.0000,9
749,   0.5105,  -0.4638, 7.046e-12, 7.149e-12,-2.591e-15,  25.0000,9
750,   0.4971,  -0.4448, 6.831e-12, 6.857e-12,-3.103e-15,  25.0000,9
751,   0.5187,  -0.4435, 7.185e-12, 6.728e-12,-2.703e-15,  25.0000,9
752,   0.5245,  -0.4629, 7.279e-12, 7.106e-12,-2.387e-15,  25.0000,9
753,   0.4844,  -0.4700, 6.621e-12, 7.391e-12,-3.137e-15,  25.0000,9
754,   0.5395,  -0.4605, 7.531e-12, 7.039e-12,-2.240e-15,  25.0000,9
755,   0.5297,  -0.4758, 7.363e-12, 7.379e-12,-2.218e-15,  25.0000,9
756,   0.5044,  -0.4177, 6.956e-12, 6.343e-12,-3.488e-15,  25.0000,9
757,   0.5090,  -0.4372, 7.027e-12, 6.689e-12,-2.966e-15,  25.0000,9
758,   0.5159,  -0.4403, 7.140e-12, 6.670e-12,-2.788e-15,  25.0000,9
759,   0.5083,  -0.4380, 7.014e-12, 6.705e-12,-2.968e-15,  25.0000,9
760,   0.5118,  -0.4730, 7.066e-12, 7.362e-12,-2.491e-15,  25.0000,9
761,   0.5287,  -0.4364, 7.352e-12, 6.581e-12,-2.650e-15,  25.0000,9
762,   0.5094,  -0.4514, 7.030e-12, 6.908e-12,-2.745e-15,  25.0000,9
763,   0.5420,  -0.4515, 7.574e-12, 7.313e-12,-2.408e-15,  25.0000,9
764,   0.5058,  -0.4365, 6.975e-12, 6.683e-12,-3.041e-15,  25.0000,9
765,   0.5428,  -0.4488, 7.588e-12, 6.852e-12,-2.342e-15,  25.0000,9
766,   0.4723,  -0.4631, 6.466e-12, 7.258e-12,-3.685e-15,  25.0000,9
767,   0.4832,  -0.4488, 6.606e-12, 6.967e-12,-3.445e-15,  25.0000,9
768,   0.5190,  -0.4694, 7.187e-12, 7.273e-12,-2.409e-15,  25.0000,9
769,   0.5250,  -0.4294, 7.293e-12, 6.453e-12,-2.863e-15,  25.0000,9
770,   0.5066,  -0.4728, 6.981e-12, 7.414e-12,-2.550e-15,  25.0000,9
771,   0.5219,  -0.4641, 7.236e-12, 7.128e-12,-2.411e-15,  25.0000,9
772,   0.4739,  -0.4601, 6.486e-12, 7.199e-12,-3.650e-15,  25.0000,9
773,   0.5038,  -0.4371, 6.941e-12, 6.698e-12,-3.074e-15,  25.0000,9
774,   0.5208,  -0.4479, 7.220e-12, 6.812e-12,-2.609e-15,  25.0000,9
775,   0.5153,  -0.4399, 7.130e-12, 6.663e-12,-2.805e-15,  25.0000,9
776,   0.5263,  -0.4357, 7.313e-12, 6.573e-12,-2.724e-15,  25.0000,9
777,   0.5109,  -0.4510, 7.055e-12, 6.902e-12,-2.722e-15,  25.0000,9
778,   0.5286,  -0.4667, 7.347e-12, 7.189e-12,-2.301e-15,  25.0000,9
779,   0.5213,  -0.4715, 7.225e-12, 7.281e-12,-2.359e-15,  25.0000,9
780,   0.5414,  -0.4714, 7.562e-12, 7.739e-12,-2.156e-15,  25.0000,9
781,   0.5343,  -0.4626, 7.443e-12, 7.133e-12,-2.268e-15,  25.0000,9
782,   0.5102,  -0.4471, 7.045e-12, 6.828e-12,-2.785e-15,  25.0000,9
783,   0.5113,  -0.4391, 7.064e-12, 6.675e-12,-2.888e-15,  25.0000,9
784,   0.5118,  -0.4323, 7.073e-12, 6.546e-12,-3.002e-15,  25.0000,9
785,   0.5077,  -0.4442, 7.004e-12, 6.822e-12,-2.879e-15,  25.0000,9
786,   0.5069,  -0.4518, 6.989e-12, 6.966e-12,-2.793e-15,  25.0000,9
787,   0.5024,  -0.4661, 6.914e-12, 7.257e-12,-2.734e-15,  25.0000,9
788,   0.4781,  -0.4545, 6.541e-12, 7.085e-12,-3.549e-15,  25.0000,9
789,   0.5090,  -0.4399, 7.026e-12, 6.739e-12,-2.921e-15,  25.0000,9
790,   0.4989,  -0.4537, 6.858e-12, 7.021e-12,-2.942e-15,  25.0000,9
791,   0.4964,  -0.4414, 6.819e-12, 6.797e-12,-3.172e-15,  25.0000,9
792,   0.5164,  -0.4701, 7.142e-12, 7.332e-12,-2.434e-15,  25.0000,9
793,   0.4947,  -0.4565, 6.790e-12, 7.083e-12,-3.012e-15,  25.0000,9
794,   0.4888,  -0.4528, 6.694e-12, 7.027e-12,-3.219e-15,  25.0000,9
795,   0.5162,  -0.4474, 7.144e-12, 6.802e-12,-2.678e-15,  25.0000,9
796,   0.5096,  -0.4515, 7.034e-12, 6.911e-12,-2.739e-15,  25.0000,9
797,   0.5302,  -0.4712, 7.372e-12, 7.285e-12,-2.245e-15,  25.0000,9
798,   0.5059,  -0.4573, 6.972e-12, 7.074e-12,-2.747e-15,  25.0000,9
799,   0.5315,  -0.4539, 7.397e-12, 6.928e-12,-2.396e-15,  25.0000,9
800,   0.5003,  -0.4822, 6.877e-12, 7.654e-12,-2.621e-15,  25.0000,9
801,   0.4992,  -0.4430, 6.865e-12, 6.819e-12,-3.080e-15,  25.0000,9
802,   0.4856,  -0.4561, 6.642e-12, 7.098e-12,-3.275e-15,  25.0000,9
803,   0.4874,  -0.4705, 6.668e-12, 7.398e-12,-3.041e-15,  25.0000,9
804,   0.5112,  -0.4180, 7.068e-12, 6.280e-12,-3.343e-15,  25.0000,9
805,   0.5218,  -0.4443, 7.237e-12, 6.742e-12,-2.646e-15,  25.0000,9
806,   0.5390,  -0.4603, 7.522e-12, 7.019e-12,-2.247e-15,  25.0000,9
807,   0.5079,  -0.4625, 7.004e-12, 7.170e-12,-2.655e-15,  25.0000,9
808,   0.4913,  -0.4380, 6.737e-12, 6.747e-12,-3.362e-15,  25.0000,9
809,   0.5218,  -0.4582, 7.235e-12, 7.012e-12,-2.471e-15,  25.0000,9
810,   0.5463,  -0.4305, 7.651e-12, 6.500e-12,-2.614e-15,  25.0000,9
811,   0.5110,  -0.4593, 7.056e-12, 7.061e-12,-2.625e-15,  25.0000,9
812,   0.5229,  -0.4494, 7.254e-12, 6.842e-12,-2.559e-15,  25.0000,9
813,   0.4936,  -0.4538, 6.772e-12, 7.034e-12,-3.072e-15,  25.0000,9
814,   0.5282,  -0.4482, 7.342e-12, 6.815e-12,-2.507e-15,  25.0000,9
815,   0.4988,  -0.4418, 6.859e-12, 6.798e-12,-3.107e-15,  25.0000,9
816,   0.5172,  -0.4575, 7.159e-12, 6.995e-12,-2.539e-15,  25.0000,9
817,   0.5027,  -0.4505, 6.921e-12, 6.951e-12,-2.895e-15,  25.0000,9
818,   0.5163,  -0.4344, 7.147e-12, 6.559e-12,-2.885e-15,  25.0000,9
819,   0.4830,  -0.4460, 6.605e-12, 6.916e-12,-3.489e-15,  25.0000,9
820,   0.5075,  -0.4368, 7.003e-12, 6.685e-12,-3.002e-15,  25.0000,9
821,   0.5334,  -0.4417, 7.431e-12, 6.730e-12,-2.537e-15,  25.0000,9
822,   0.5141,  -0.4620, 7.106e-12, 7.157e-12,-2.543e-15,  25.0000,9
823,   0.5102,  -0.4458, 7.044e-12, 6.802e-12,-2.806e-15,  25.0000,9
824,   0.5084,  -0.4697, 7.010e-12, 7.333e-12,-2.540e-15,  25.0000,9
825,   0.5222,  -0.4383, 7.244e-12, 6.627e-12,-2.735e-15,  25.0000,9
826,   0.5094,  -0.4757, 7.027e-12, 7.479e-12,-2.475e-15,  25.0000,9
827,   0.4822,  -0.4490, 6.594e-12, 6.974e-12,-3.474e-15,  25.0000,9
828,   0.4933,  -0.4507, 6.768e-12, 6.977e-12,-3.118e-15,  25.0000,9
829,   0.4918,  -0.4571, 6.742e-12, 7.101e-12,-3.083e-15,  25.0000,9
830,   0.4827,  -0.4392, 6.602e-12, 6.790e-12,-3.604e-15,  25.0000,9
831,   0.5042,  -0.4443, 6.946e-12, 6.832e-12,-2.950e-15,  25.0000,9
832,   0.5088,  -0.4480, 7.021e-12, 6.891e-12,-2.805e-15,  25.0000,9
833,   0.4855,  -0.4824, 6.635e-12, 7.689e-12,-3.019e-15,  25.0000,9
834,   0.5028,  -0.4649, 6.919e-12, 7.227e-12,-2.738e-15,  25.0000,9
835,   0.4833,  -0.4159, 6.615e-12, 6.365e-12,-4.101e-15,  25.0000,9
836,   0.5434,  -0.4486, 7.599e-12, 6.848e-12,-2.339e-15,  25.0000,9
837,   0.5238,  -0.4323, 7.272e-12, 6.512e-12,-2.819e-15,  25.0000,9
838,   0.5134,  -0.4710, 7.093e-12, 7.293e-12,-2.478e-15,  25.0000,9
839,   0.4943,  -0.4642, 6.781e-12, 7.231e-12,-2.945e-15,  25.0000,9
840,   0.4949,  -0.4404, 6.795e-12, 6.782e-12,-3.226e-15,  25.0000,9
841,   0.5053,  -0.4625, 6.961e-12, 7.176e-12,-2.707e-15,  25.0000,9
842,   0.4982,  -0.4487, 6.848e-12, 6.928e-12,-3.021e-15,  25.0000,9
843,   0.5296,  -0.4561, 7.365e-12, 6.974e-12,-2.392e-15,  25.0000,9
844,   0.4878,  -0.4679, 6.676e-12, 7.333e-12,-3.092e-15,  25.0000,9
845,   0.4962,  -0.4593, 6.814e-12, 7.133e-12,-2.944e-15,  25.0000,9
846,   0.5096,  -0.4127, 7.043e-12, 6.189e-12,-3.524e-15,  25.0000,9
847,   0.5096,  -0.4314, 7.038e-12, 6.533e-12,-3.059e-15,  25.0000,9
848,   0.5192,  -0.4298, 7.197e-12, 6.471e-12,-2.935e-15,  25.0000,9
849,   0.4884,  -0.4265, 6.694e-12, 6.544e-12,-3.672e-15,  25.0000,9
850,   0.5121,  -0.4683, 7.072e-12, 7.239e-12,-2.523e-15,  25.0000,9
851,   0.5448,  -0.4486, 7.623e-12, 6.846e-12,-2.327e-15,  25.0000,9
852,   0.5280,  -0.4679, 7.336e-12, 7.214e-12,-2.298e-15,  25.0000,9
853,   0.5163,  -0.4327, 7.147e-12, 6.527e-12,-2.918e-15,  25.0000,9
854,   0.5089,  -0.4664, 7.019e-12, 7.252e-12,-2.600e-15,  25.0000,9
855,   0.4978,  -0.4346, 6.845e-12, 6.666e-12,-3.254e-15,  25.0000,9
856,   0.5111,  -0.4636, 7.057e-12, 7.145e-12,-2.581e-15,  25.0000,9
857,   0.5057,  -0.4410, 6.971e-12, 6.766e-12,-2.970e-15,  25.0000,9
858,   0.5170,  -0.4405, 7.158e-12, 6.672e-12,-2.768e-15,  25.0000,9
859,   0.5138,  -0.4300, 7.107e-12, 6.481e-12,-3.012e-15,  25.0000,9
860,   0.5085,  -0.4521, 7.015e-12, 6.968e-12,-2.758e-15,  25.0000,9
861,   0.5237,  -0.4779, 7.263e-12, 7.411e-12,-2.280e-15,  25.0000,9
862,   0.5117,  -0.4665, 7.066e-12, 7.203e-12,-2.544e-15,  25.0000,9
863,   0.5299,  -0.4302, 7.374e-12, 6.455e-12,-2.759e-15,  25.0000,9
864,   0.5276,  -0.4522, 7.331e-12, 6.895e-12,-2.463e-15,  25.0000,9
865,   0.5296,  -0.4206, 7.370e-12, 6.269e-12,-2.985e-15,  25.0000,9
866,   0.4804,  -0.4759, 6.567e-12, 7.544e-12,-3.229e-15,  25.0000,9
867,   0.5175,  -0.4455, 7.166e-12, 6.767e-12,-2.683e-15,  25.0000,9
868,   0.5157,  -0.4795, 7.131e-12, 7.579e-12,-2.377e-15,  25.0000,9
869,   0.5276,  -0.4501, 7.333e-12, 6.853e-12,-2.488e-15,  25.0000,9
870,   0.4995,  -0.4701, 6.865e-12, 7.362e-12,-2.723e-15,  25.0000,9
871,   0.5283,  -0.4556, 7.342e-12, 6.964e-12,-2.414e-15,  25.0000,9
872,   0.4949,  -0.4668, 6.790e-12, 7.292e-12,-2.906e-15,  25.0000,9
873,   0.5039,  -0.4405, 6.942e-12, 6.762e-12,-3.014e-15,  25.0000,9
874,   0.4858,  -0.4268, 6.651e-12, 6.556e-12,-3.744e-15,  25.0000,9
875,   0.5091,  -0.4523, 7.025e-12, 6.972e-12,-2.744e-15,  25.0000,9
876,   0.5101,  -0.4426, 7.044e-12, 6.742e-12,-2.854e-15,  25.0000,9
877,   0.5065,  -0.4735, 6.979e-12, 7.430e-12,-2.548e-15,  25.0000,9
878,   0.5011,  -0.4484, 6.895e-12, 6.916e-12,-2.959e-15,  25.0000,9
879,   0.5300,  -0.4544, 7.371e-12, 6.940e-12,-2.407e-15,  25.0000,9
880,   0.5125,  -0.4426, 7.083e-12, 6.740e-12,-2.812e-15,  25.0000,9
881,   0.4841,  -0.4661, 6.617e-12, 7.297e-12,-3.223e-15,  25.0000,9
882,   0.5006,  -0.4474, 6.887e-12, 6.899e-12,-2.983e-15,  25.0000,9
883,   0.5309,  -0.4623, 7.385e-12, 7.101e-12,-2.313e-15,  25.0000,9
884,   0.5035,  -0.4716, 6.930e-12, 7.389e-12,-2.623e-15,  25.0000,9
885,   0.5186,  -0.4840, 7.178e-12, 7.668e-12,-2.316e-15,  25.0000,9
886,   0.5141,  -0.4729, 7.105e-12, 7.426e-12,-2.450e-15,  25.0000,9
887,   0.4984,  -0.4304, 6.855e-12, 6.589e-12,-3.321e-15,  25.0000,9
888,   0.5112,  -0.4623, 7.058e-12, 7.121e-12,-2.592e-15,  25.0000,9
889,   0.5196,  -0.4386, 7.201e-12, 6.635e-12,-2.768e-15,  25.0000,9
890,   0.5076,  -0.4933, 6.995e-12, 7.925e-12,-2.450e-15,  25.0000,9
891,   0.4973,  -0.4506, 6.832e-12, 6.966e-12,-3.019e-15,  25.0000,9
892,   0.5439,  -0.4540, 7.607e-12, 6.952e-12,-2.267e-15,  25.0000,9
893,   0.4819,  -0.4599, 6.588e-12, 7.179e-12,-3.356e-15,  25.0000,9
894,   0.5269,  -0.4232, 7.325e-12, 6.330e-12,-2.948e-15,  25.0000,9
895,   0.5261,  -0.4588, 7.306e-12, 7.026e-12,-2.407e-15,  25.0000,9
896,   0.4866,  -0.4681, 6.656e-12, 7.343e-12,-3.084e-15,  25.0000,9
897,   0.4915,  -0.4485, 6.738e-12, 6.941e-12,-3.196e-15,  25.0000,9
898,   0.4997,  -0.4311, 6.875e-12, 6.599e-12,-3.277e-15,  25.0000,9
899,   0.5364,  -0.4208, 7.485e-12, 6.334e-12,-2.925e-15,  25.0000,9
900,   0.5162,  -0.4539, 7.143e-12, 6.927e-12,-2.594e-15,  25.0000,9
901,   0.5085,  -0.4502, 7.016e-12, 6.934e-12,-2.781e-15,  25.0000,9
902,   0.4947,  -0.4323, 6.795e-12, 6.633e-12,-3.375e-15,  25.0000,9
903,   0.5026,  -0.4438, 6.920e-12, 6.826e-12,-2.990e-15,  25.0000,9
904,   0.5134,  -0.4395, 7.098e-12, 6.656e-12,-2.843e-15,  25.0000,9
905,   0.5086,  -0.4436, 7.019e-12, 6.809e-12,-2.871e-15,  25.0000,9
906,   0.4885,  -0.4441, 6.691e-12, 6.866e-12,-3.344e-15,  25.0000,9
907,   0.5423,  -0.4810, 7.576e-12, 8.019e-12,-2.130e-15,  25.0000,9
908,   0.5325,  -0.4612, 7.412e-12, 7.078e-12,-2.306e-15,  25.0000,9
909,   0.4845,  -0.4321, 6.629e-12, 6.655e-12,-3.675e-15,  25.0000,9
910,   0.4942,  -0.4438, 6.783e-12, 6.846e-12,-3.191e-15,  25.0000,9
911,   0.5137,  -0.4602, 7.100e-12, 7.116e-12,-2.567e-15,  25.0000,9
912,   0.4841,  -0.4481, 6.619e-12, 6.951e-12,-3.425e-15,  25.0000,9
913,   0.4856,  -0.4635, 6.640e-12, 7.238e-12,-3.200e-15,  25.0000,9
914,   0.5146,  -0.4498, 7.116e-12, 6.847e-12,-2.673e-15,  25.0000,9
915,   0.4804,  -0.4687, 6.568e-12, 7.371e-12,-3.283e-15,  25.0000,9
916,   0.5086,  -0.4484, 7.017e-12, 6.900e-12,-2.803e-15,  25.0000,9
917,   0.4654,  -0.4562, 6.381e-12, 7.147e-12,-4.067e-15,  25.0000,9
918,   0.5324,  -0.4473, 7.412e-12, 6.793e-12,-2.439e-15,  25.0000,9
919,   0.5392,  -0.4625, 7.526e-12, 7.070e-12,-2.223e-15,  25.0000,9
920,   0.5012,  -0.4467, 6.897e-12, 6.884e-12,-2.979e-15,  25.0000,9
921,   0.4965,  -0.4583, 6.819e-12, 7.114e-12,-2.947e-15,  25.0000,9
922,   0.5074,  -0.4647, 6.995e-12, 7.213e-12,-2.644e-15,  25.0000,9
923,   0.4891,  -0.4335, 6.703e-12, 6.669e-12,-3.507e-15,  25.0000,9
924,   0.4934,  -0.4708, 6.766e-12, 7.392e-12,-2.867e-15,  25.0000,9
925,   0.5029,  -0.4535, 6.924e-12, 7.008e-12,-2.853e-15,  25.0000,9
926,   0.4901,  -0.4509, 6.716e-12, 6.988e-12,-3.203e-15,  25.0000,9
927,   0.5075,  -0.4538, 6.999e-12, 7.004e-12,-2.755e-15,  25.0000,9
928,   0.5411,  -0.4487, 7.559e-12, 7.267e-12,-2.450e-15,  25.0000,9
929,   0.4873,  -0.4468, 6.671e-12, 6.919e-12,-3.341e-15,  25.0000,9
930,   0.5003,  -0.4633, 6.880e-12, 7.201e-12,-2.806e-15,  25.0000,9
931,   0.5199,  -0.4240, 7.209e-12, 6.362e-12,-3.054e-15,  25.0000,9
932,   0.5000,  -0.4644, 6.874e-12, 7.222e-12,-2.805e-15,  25.0000,9
933,   0.4832,  -0.4505, 6.606e-12, 6.999e-12,-3.422e-15,  25.0000,9
934,   0.5239,  -0.4553, 7.270e-12, 6.955e-12,-2.474e-15,  25.0000,9
935,   0.5099,  -0.4718, 7.035e-12, 7.367e-12,-2.534e-15,  25.0000,9
936,   0.5189,  -0.4202, 7.194e-12, 6.294e-12,-3.161e-15,  25.0000,9
937,   0.5258,  -0.4319, 7.305e-12, 6.501e-12,-2.801e-15,  25.0000,9
938,   0.4974,  -0.4569, 6.833e-12, 7.084e-12,-2.942e-15,  25.0000,9
939,   0.5128,  -0.4429, 7.088e-12, 6.746e-12,-2.800e-15,  25.0000,9
940,   0.5051,  -0.4353, 6.963e-12, 6.661e-12,-3.079e-15,  25.0000,9
941,   0.5209,  -0.4385, 7.223e-12, 6.633e-12,-2.749e-15,  25.0000,9
942,   0.4983,  -0.4703, 6.846e-12, 7.369e-12,-2.749e-15,  25.0000,9
943,   0.5256,  -0.4783, 7.296e-12, 7.422e-12,-2.251e-15,  25.0000,9
944,   0.5031,  -0.4734, 6.923e-12, 7.435e-12,-2.619e-15,  25.0000,9
945,   0.4991,  -0.4466, 6.862e-12, 6.886e-12,-3.030e-15,  25.0000,9
946,   0.4810,  -0.4775, 6.574e-12, 7.581e-12,-3.197e-15,  25.0000,9
947,   0.5116,  -0.4621, 7.065e-12, 7.116e-12,-2.587e-15,  25.0000,9
948,   0.4893,  -0.4339, 6.706e-12, 6.676e-12,-3.493e-15,  25.0000,9
949,   0.4912,  -0.4360, 6.737e-12, 6.710e-12,-3.399e-15,  25.0000,9
950,   0.5097,  -0.4313, 7.039e-12, 6.531e-12,-3.059e-15,  25.0000,9
951,   0.5104,  -0.4459, 7.049e-12, 6.805e-12,-2.798e-15,  25.0000,9
952,   0.4970,  -0.4703, 6.825e-12, 7.372e-12,-2.780e-15,  25.0000,9
953,   0.5175,  -0.4348, 7.167e-12, 6.565e-12,-2.859e-15,  25.0000,9
954,   0.4746,  -0.4709, 6.494e-12, 7.437e-12,-3.480e-15,  25.0000,9
955,   0.4984,  -0.4663, 6.848e-12, 7.271e-12,-2.823e-15,  25.0000,9
956,   0.4868,  -0.4520, 6.662e-12, 7.018e-12,-3.288e-15,  25.0000,9
957,   0.5058,  -0.4506, 6.972e-12, 6.946e-12,-2.829e-15,  25.0000,9
958,   0.5212,  -0.4758, 7.223e-12, 7.405e-12,-2.328e-15,  25.0000,9
959,   0.5270,  -0.4638, 7.320e-12, 7.128e-12,-2.347e-15,  25.0000,9
960,   0.5005,  -0.4538, 6.884e-12, 7.019e-12,-2.904e-15,  25.0000,9
961,   0.4902,  -0.4490, 6.717e-12, 6.953e-12,-3.227e-15,  25.0000,9
962,   0.5028,  -0.4575, 6.921e-12, 7.084e-12,-2.810e-15,  25.0000,9
963,   0.5063,  -0.4530, 6.979e-12, 6.991e-12,-2.790e-15,  25.0000,9
964,   0.4948,  -0.4393, 6.795e-12, 6.761e-12,-3.246e-15,  25.0000,9
965,   0.4835,  -0.4724, 6.607e-12, 7.451e-12,-3.150e-15,  25.0000,9
966,   0.5284,  -0.4615, 7.344e-12, 7.083e-12,-2.351e-15,  25.0000,9
967,   0.5356,  -0.4205, 7.471e-12, 6.331e-12,-2.940e-15,  25.0000,9
968,   0.5201,  -0.4639, 7.205e-12, 7.122e-12,-2.440e-15,  25.0000,9
969,   0.5185,  -0.4559, 7.180e-12, 6.966e-12,-2.536e-15,  25.0000,9
970,   0.5081,  -0.4442, 7.011e-12, 6.821e-12,-2.871e-15,  25.0000,9
971,   0.5271,  -0.4657, 7.321e-12, 7.167e-12,-2.328e-15,  25.0000,9
972,   0.5861,  -0.4863, 8.377e-12, 8.140e-12,-1.820e-15,  25.0000,9
973,   0.4878,  -0.4345, 6.681e-12, 6.692e-12,-3.526e-15,  25.0000,9
974,   0.5288,  -0.4564, 7.351e-12, 6.979e-12,-2.400e-15,  25.0000,9
975,   0.5056,  -0.4599, 6.966e-12, 7.124e-12,-2.727e-15,  25.0000,9
976,   0.4811,  -0.4654, 6.577e-12, 7.288e-12,-3.332e-15,  25.0000,9
977,   0.4842,  -0.4365, 6.623e-12, 6.736e-12,-3.603e-15,  25.0000,9
978,   0.5292,  -0.4617, 7.357e-12, 7.089e-12,-2.339e-15,  25.0000,9
979,   0.5266,  -0.4690, 7.313e-12, 7.233e-12,-2.307e-15,  25.0000,9
980,   0.5147,  -0.4538, 7.117e-12, 6.940e-12,-2.621e-15,  25.0000,9
981,   0.5049,  -0.4628, 6.955e-12, 7.181e-12,-2.712e-15,  25.0000,9
982,   0.5209,  -0.4416, 7.222e-12, 6.691e-12,-2.700e-15,  25.0000,9
983,   0.4728,  -0.4917, 6.468e-12, 7.938e-12,-3.426e-15,  25.0000,9
984,   0.4828,  -0.4461, 6.602e-12, 6.917e-12,-3.496e-15,  25.0000,9
985,   0.5027,  -0.4599, 6.919e-12, 7.131e-12,-2.787e-15,  25.0000,9
986,   0.5240,  -0.4305, 7.275e-12, 6.475e-12,-2.855e-15,  25.0000,9
987,   0.4938,  -0.4687, 6.772e-12, 7.340e-12,-2.876e-15,  25.0000,9
988,   0.5463,  -0.4448, 7.649e-12, 6.771e-12,-2.367e-15,  25.0000,9
989,   0.5187,  -0.4571, 7.183e-12, 6.989e-12,-2.529e-15,  25.0000,9
990,   0.4977,  -0.4543, 6.839e-12, 7.035e-12,-2.962e-15,  25.0000,9
991,   0.5103,  -0.4869, 7.041e-12, 7.758e-12,-2.428e-15,  25.0000,9
992,   0.5000,  -0.4518, 6.876e-12, 6.983e-12,-2.939e-15,  25.0000,9
993,   0.4994,  -0.4385, 6.870e-12, 6.735e-12,-3.146e-15,  25.0000,9
994,   0.5241,  -0.4616, 7.273e-12, 7.080e-12,-2.405e-15,  25.0000,9
995,   0.4844,  -0.4660, 6.621e-12, 7.294e-12,-3.215e-15,  25.0000,9
996,   0.5126,  -0.4225, 7.089e-12, 6.360e-12,-3.204e-15,  25.0000,9
997,   0.4847,  -0.4406, 6.630e-12, 6.811e-12,-3.517e-15,  25.0000,9
998,   0.4997,  -0.4561, 6.870e-12, 7.064e-12,-2.896e-15,  25.0000,9
999,   0.5154,  -0.4417, 7.132e-12, 6.695e-12,-2.774e-15,  25.0000,9
1000,   0.4994,  -0.4547, 6.867e-12, 7.038e-12,-2.918e-15,  25.0000,9
